44.443 -11.751 2.7801 -0.35482 1.3221 -3.9313 0.88185 3.0798 4.0487 2.7593 4.8461 -1.7638 -1.3308 -2.1756 0.84437 0.058559
39.444 -10.75 6.5995 0.50203 1.6748 -3.2646 -0.94841 3.5444 3.9178 0.39055 2.4413 -0.16506 -2.4624 -0.31264 1.3536 -0.51817
44.249 -11.113 1.2415 1.7173 0.55398 -2.6568 0.16356 3.1234 4.2332 0.93333 3.8887 0.68122 -1.1032 -0.30272 2.5098 1.6165
43.355 -10.269 2.4962 1.782 0.71605 -3.4236 1.207 3.1771 4.2738 1.2904 4.0202 0.79963 -1.2577 -0.18756 1.7334 1.1942
42.496 -9.9383 2.5677 2.6501 0.80992 -2.5513 -0.28341 0.82532 5.3548 2.0494 2.6511 1.1044 -2.1414 0.26058 1.5939 0.31428
42.781 -12.116 2.8778 0.38506 1.733 -5.8977 0.44367 4.2085 4.5329 1.3338 3.8137 0.33231 -2.8592 -1.6793 1.5827 0.42333
42.555 -11.576 4.5441 0.59763 1.8662 -2.1537 0.21246 2.6965 4.6179 1.5222 1.9373 0.47449 -2.2541 -0.47425 2.4348 0.84564
42.949 -11.476 2.4846 -1.1134 1.0359 -1.7231 0.73004 2.3083 4.7817 2.9235 2.7839 0.17633 -1.7489 -1.1315 0.89026 0.97366
42.298 -12.536 2.3054 0.58338 0.9877 -2.843 1.3802 3.6637 3.0707 1.6554 2.5931 1.8862 -1.5263 -0.17979 2.5646 0.81769
45.015 -13.73 1.4666 -2.1753 0.11415 -0.092393 -0.56126 3.6096 4.399 0.86011 2.8581 0.98311 -1.1466 -0.83907 2.8709 -0.24603
42.299 -9.4313 2.2226 0.059162 1.0155 -2.6972 -0.059672 3.0535 3.7872 -0.15436 2.1186 1.1453 -2.7053 -0.21229 2.4245 -0.29654
41.642 -9.3584 1.3025 -0.32532 0.85025 -3.9927 -0.74119 1.4554 3.8412 0.70251 3.4874 1.4913 -1.9545 -1.3153 1.6784 1.421
36.755 -10.359 -0.60562 1.1619 0.93406 -0.4316 -2.7351 2.3379 3.3578 0.91514 1.4337 2.0531 -1.8024 -1.109 1.8137 -0.86668
41.427 -11.432 2.8022 2.6685 1.6346 -0.84332 1.8098 3.3145 2.7677 1.2741 1.8366 1.1054 -1.3788 -1.4044 -0.66911 1.0109
38.783 -10.273 -0.13387 3.1681 -0.90902 0.52601 -0.4526 4.5703 3.4374 0.83259 0.56572 -0.047523 -3.4646 -2.3701 0.60506 -0.92241
33.558 -3.4951 3.5422 2.1154 1.3814 -0.87789 -0.75195 1.2999 2.6787 4.198 3.0931 1.5291 1.2692 -1.9743 0.75261 0.86737
31.797 -8.1957 6.1434 1.4727 2.7214 -0.433 -0.12413 2.0727 0.050571 3.6165 -0.081313 -0.62115 -5.0128 -3.2697 1.5353 1.843
43.906 -11.523 2.1943 -0.54404 1.0175 -3.2207 -0.67316 2.0377 4.2024 0.43334 2.9185 -0.17788 -1.8076 -0.80023 2.1414 0.20126
37.281 -6.5609 0.88255 1.297 0.3519 -2.469 -0.48517 -0.34425 4.2221 3.0002 0.87285 2.4978 -3.4521 0.22019 1.939 0.76467
38.405 -14.226 1.0639 -0.076038 1.6 -0.80069 0.64915 1.8967 4.1311 2.1978 2.849 -1.0652 -1.2814 -0.22059 2.4532 0.53797
40.133 -11.091 2.5687 0.95154 1.5501 -2.8991 -0.3246 1.3915 3.8476 1.4384 2.2478 0.11337 -2.0849 -3.0403 1.4806 0.67225
40.018 -13.932 3.997 -0.19336 -1.1212 -0.49142 0.96443 3.5129 3.1864 1.9667 3.4261 -0.45337 -0.2215 0.03598 0.28058 0.24736
39.187 -10.881 2.2688 -1.8879 -1.3906 -0.16786 0.47449 3.0805 1.219 -0.098314 5.5393 -0.80143 -0.57573 0.062272 2.6121 -3.0455
37.533 -11.197 3.1036 1.8979 1.5991 -1.155 1.0695 2.3501 3.1723 1.415 2.0955 1.7364 -2.6546 -0.16596 1.6272 0.82344
41.515 -12.805 1.2318 0.5407 1.6578 -0.75974 -0.14569 2.9466 4.3456 1.3354 3.4832 -0.22872 -3.0986 -0.15265 1.484 0.035386
42.308 -11.713 3.6438 1.0092 0.40554 -0.56062 0.74425 3.3163 2.8257 0.863 2.9516 -1.3569 -1.8739 -0.70656 2.0839 0.98818
41.22 -11.616 1.578 1.9651 1.3664 -2.0845 -0.14564 2.6762 4.5844 -0.015351 3.2166 -0.43068 -1.3229 -1.4949 -0.12121 1.5318
43.15 -12.938 2.9038 0.31583 1.1661 -1.2422 0.39387 3.5424 4.0189 0.68343 2.8659 0.34972 -1.1509 -0.36622 2.0058 0.86964
42.272 -14.559 2.0686 0.43137 2.1443 -0.30065 0.63069 3.9302 2.5824 0.75202 2.7571 0.30865 -2.2254 -0.4067 1.6539 0.35373
40.752 -13.436 3.1131 1.0357 1.1963 -2.0246 1.0372 0.55913 3.4531 3.3285 2.8341 -0.68425 -1.9826 -1.3465 3.3881 0.44817
41.392 -13.851 1.9776 0.78544 0.38584 -0.23793 -0.40818 3.6065 5.6712 1.1817 2.4818 -1.7348 0.2708 -0.41864 0.38041 0.99922
42.37 -12.461 2.4704 0.41464 1.0605 -1.0057 0.45328 3.8636 4.4211 1.0617 3.3191 0.43305 -1.6547 0.16495 1.8609 0.48913
40.391 -14.122 1.9882 0.45436 -0.35003 -0.8206 -1.3007 1.3272 4.4876 1.6676 2.9327 -0.80489 -1.03 1.3223 2.7093 -0.37265
38.328 -13.098 3.0323 0.97923 0.33731 -1.2848 1.4651 3.5477 2.4102 -0.3615 3.6425 0.30038 -0.7701 -1.6152 -0.29649 0.080626
34.599 -6.5937 1.9993 4.4517 -2.0461 -3.144 -4.2743 -0.46394 -1.5235 1.3726 2.7573 -0.25185 -2.4404 -1.9977 4.0151 0.47661
26.572 -17.726 3.7548 -2.6196 1.602 -3.4625 -3.3496 -6.0023 0.55095 4.6028 0.23877 2.3972 -3.4335 1.8602 4.1891 1.4623
43.012 -14.107 1.0744 -3.2167 1.2205 -2.7073 0.36116 3.5795 3.8364 1.5128 4.501 -0.77831 -1.5624 -0.7545 0.73042 1.3795
44.195 -13.349 3.1966 0.71496 0.75874 -1.0125 0.67936 3.2629 3.499 1.0648 2.9034 -0.59322 -2.1696 -0.24364 1.7834 1.2335
41.893 -13.317 3.1268 0.9891 0.29391 -0.94007 0.33697 3.6565 3.3086 1.1221 3.1265 0.77847 -2.0467 -0.80137 1.6462 1.148
41.256 -16.482 -0.49989 -2.2289 0.021322 -0.55961 -0.19545 2.1929 4.8429 0.18396 4.1333 0.33249 0.14168 0.077546 2.4643 -0.34449
43.486 -12.19 3.0054 -1.029 0.065039 0.56198 0.18899 4.0151 4.4045 2.743 2.8028 -2.4553 -3.0408 -1.5125 1.5691 0.41954
44.314 -13.665 3.0002 0.01474 1.1453 -1.049 0.49958 3.4964 3.3774 0.52752 3.1903 -0.73513 -2.5983 0.29261 2.2928 1.5336
44.216 -11.733 2.8629 2.0836 0.57287 -3.1738 0.13945 3.0472 3.5228 1.397 2.8411 -0.0804 -1.1969 -0.80835 3.0345 0.91342
43.526 -11.897 3.4567 2.9431 2.1218 -4.5312 -0.1479 2.2935 3.3538 1.9764 2.1864 0.10621 -1.6432 -0.35008 2.0276 -0.6791
41.481 -11.387 2.3818 -0.22677 1.8187 -2.2406 0.38701 1.644 6.7969 1.365 1.4907 -0.71862 -3.7794 -0.29965 1.6624 0.3918
40.933 -11.07 2.9643 -0.11285 0.89302 -2.6759 -0.77679 4.2424 4.8837 0.83477 3.5694 1.402 -0.0065096 2.1367 3.494 2.0615
44.82 -12.85 2.956 1.0455 0.8264 -2.498 0.30215 4.0595 4.1792 1.3972 3.1135 0.14955 -2.2353 0.64856 2.4226 1.3384
44.152 -12.859 2.4951 -1.0982 0.53244 -2.4934 1.0337 3.4203 3.8537 1.1164 1.723 0.19332 -0.8285 1.1379 2.6927 0.19648
43.799 -12.555 3.2009 2.348 0.98126 -3.6093 0.4624 3.492 3.6995 2.1069 3.1774 -1.3244 -2.0567 -0.71372 1.7388 1.0963
43.436 -11.565 2.098 -0.28414 0.93549 -2.021 0.37857 3.1599 4.5211 0.82187 3.0078 -1.0464 -2.602 -1.0736 1.8117 1.5714
45.269 -12.094 2.6046 -1.9138 0.20333 -3.2747 0.61468 2.7955 3.8308 1.2201 3.7266 1.4126 -0.93162 -0.61608 1.9565 0.5764
37.755 -10.504 2.1424 -3.5256 0.018714 -1.0665 0.18982 4.3698 3.9918 -0.030898 3.9265 -0.030416 -1.6833 0.56173 2.1951 0.79112
41.415 -11.409 3.3471 0.54082 0.40026 -1.2677 0.31843 2.9419 4.5834 1.2692 2.8028 0.0095435 -2.1312 -0.099793 1.0096 0.90808
42.956 -11.81 3.2955 1.8499 2.3913 -4.9316 1.0907 2.9601 3.0722 1.1665 3.2519 -0.48835 -2.1405 -1.334 1.7803 -0.12487
41.929 -11.802 3.6805 1.9133 1.8922 -5.2845 -0.11317 2.5291 3.2866 0.65578 2.9804 0.84456 -1.719 -1.8357 2.5926 -0.28606
43.064 -12.695 3.2034 3.131 2.3593 -5.2008 0.21801 3.9258 3.3037 0.34574 1.8884 0.74475 -3.2082 -1.5479 1.9973 -0.079708
42.948 -12.092 2.9512 1.8475 1.5444 -4.3323 -0.79045 3.325 3.8669 0.85164 2.3783 0.89555 -3.3958 -0.7149 1.4861 -0.43765
42.186 -11.2 2.4272 0.65654 1.1447 -3.9428 0.52076 3.288 4.5646 1.2539 2.9614 -0.61219 -1.3522 -0.57522 2.9478 0.14121
43.678 -11.852 3.1787 0.99824 0.42698 -3.302 -0.26152 3.6717 3.3028 0.969 2.7374 0.088865 -2.004 -0.10045 2.5933 -0.59292
41.441 -11.086 2.4813 0.15112 1.4456 -5.7923 -0.23633 2.8765 4.3735 0.33609 2.6671 1.4016 -1.3406 -1.2431 1.9976 -0.2525
42.306 -13.825 1.9454 1.5785 1.694 -5.1325 0.83273 1.9951 4.7863 1.5614 3.7217 1.7093 0.41297 -0.49858 2.8096 -0.017608
42.747 -14.14 2.7641 -0.97568 0.64043 -3.3626 0.055839 3.3191 3.1088 0.80757 3.3809 0.19123 -1.8645 -0.42961 1.5798 2.5153
43.301 -13.283 2.1881 1.0767 1.1595 -2.8642 1.3031 4.4711 2.7462 1.4211 2.1613 1.4054 -1.5395 0.23641 3.5447 0.96288
42.538 -12.327 1.8849 -1.5162 1.0244 -3.5601 0.84007 4.4974 2.5617 1.6741 2.763 1.8387 -1.6448 -0.99559 3.2277 1.1913
39.118 -14.776 -1.9805 -2.6575 3.597 -2.7678 -0.67108 4.5634 6.0765 1.4526 1.7105 -0.24113 -1.1162 -1.6951 1.521 -1.3534
43.795 -11.542 1.9896 -0.46944 0.3758 -2.5967 0.096982 3.3828 3.4742 0.94346 3.2832 -0.4149 -1.6896 0.52756 2.5839 -0.067295
44.041 -12.407 2.9327 0.87598 0.68613 -3.9496 0.18478 4.1018 4.4588 0.47352 2.7621 0.49022 -1.433 0.28391 2.6156 1.3538
41.329 -9.6023 1.5735 -0.48287 0.14069 -2.383 0.44702 3.2017 5.5818 3.4546 0.37991 1.6128 -2.0398 -0.50821 2.5238 0.84195
44.101 -12.189 1.7852 -1.3962 0.56542 -3.1627 -0.94472 3.8304 4.3132 0.21206 2.4371 1.409 -2.7749 0.19284 2.0689 1.8079
38.618 -15.789 0.35804 -0.0047568 3.3738 -2.5255 -2.8448 0.50782 6.1978 1.2512 5.1986 -0.42647 -0.79174 -1.2176 1.2737 0.80505
43.782 -11.488 2.0383 -2.2146 1.1201 -5.2273 0.63552 3.9816 5.4231 0.065983 3.1473 -0.22928 -1.91 -1.4053 3.0905 -0.12817
43.348 -10.888 2.4185 0.27251 0.3962 -3.7576 -0.5458 2.9996 4.0232 1.3131 2.8256 1.237 -1.3751 0.21982 3.4614 1.0302
39.518 -15.323 1.6194 2.096 1.2825 -2.8143 1.4667 4.7059 3.7303 2.0953 3.0775 -1.164 -2.5377 1.0426 2.62 2.6037
42.865 -11.265 2.7554 0.29819 0.3291 -2.9825 0.25803 4.0751 4.4453 1.5083 3.1328 0.16481 -0.77626 -0.73054 2.7783 0.44825
42.925 -11.196 2.3668 -1.7062 0.23445 -3.1181 -0.0023884 3.7634 4.2638 1.7482 4.3755 -0.067731 -1.1173 -0.57557 1.7572 0.43392
44.228 -13.012 2.583 0.2287 1.0472 -2.8056 -0.43123 5.0187 4.3646 0.19967 1.2168 0.20946 -3.071 0.003941 1.4941 -0.43058
43.96 -12.072 2.71 2.2692 1.288 -3.5935 -0.20947 3.4942 4.0809 0.96915 4.1321 0.36888 -0.7955 -1.084 1.6828 0.61701
40.814 -11.249 0.64186 0.49419 1.8326 -3.6581 1.1706 3.0638 5.0552 1.3228 4.6168 0.56323 -0.53103 0.22601 2.0033 1.6672
41.745 -11.955 3.3044 0.55362 0.0612 -3.3483 0.556 2.9231 6.15 2.0682 2.2078 -0.53371 -0.83156 -0.34541 2.3714 1.7787
42.034 -12.525 2.977 0.22136 0.060719 -2.8274 1.7552 3.0231 3.4056 1.9288 4.2941 0.029822 -0.65734 -0.79691 2.3535 1.7998
42.354 -12.723 3.0107 0.7122 0.61094 -2.4549 0.86837 2.7333 3.7668 3.0043 3.4113 -0.24669 -2.0778 -0.20431 2.3255 0.19076
41.07 -8.9046 1.8162 -0.1773 0.46385 -2.152 0.44019 2.6174 4.9801 0.04541 3.3994 0.73994 -2.6034 -2.0192 1.0561 0.6101
42.451 -10.801 2.4436 0.048841 -0.040047 -1.771 0.75985 2.9 3.0603 1.668 3.4348 0.31478 -1.0643 -1.2498 2.8173 0.48257
40.853 -8.9608 3.015 0.87846 1.2435 -1.3997 1.6112 3.2783 4.1414 0.046504 2.6752 1.1416 -1.8169 0.36189 0.86286 1.0929
37.27 -12.655 6.2591 0.88987 0.083149 -2.6621 -0.36078 1.6847 4.2025 2.1613 2.3001 1.1069 -2.1687 -0.27803 2.5314 -0.99601
36.891 -14.254 4.4819 -0.011626 0.50145 -2.9057 -1.701 0.36885 4.3724 1.1147 3.9818 0.24984 0.90734 0.79316 2.3134 -0.0041033
38.73 -12.39 -1.5512 2.5568 1.7391 -1.1036 -0.52319 3.9712 3.3739 1.8248 2.2957 -0.51111 -4.4404 1.4526 1.9912 0.97868
43.104 -11.649 1.8464 -1.5073 0.046226 -2.8106 0.05159 3.6624 3.951 2.5361 3.8473 -0.87991 -2.0508 -0.18581 2.6056 1.2647
42.68 -10.235 1.4814 -0.83768 -0.048004 -0.33124 -0.7595 3.3293 4.5066 0.533 2.3837 -0.15507 -1.5034 -0.59878 1.6421 1.2806
42.545 -10.313 1.6058 0.0091984 0.13582 -2.5804 0.050992 4.1708 4.2658 2.1555 1.609 -0.85592 -2.5984 -1.0245 1.9072 -0.44658
33.711 -14.173 -0.40335 -1.1804 -1.1978 -2.957 3.1692 4.0654 0.6685 5.5909 0.68841 -0.44649 -2.8738 -0.46284 2.3038 1.5855
42.85 -12.248 2.7922 1.0335 0.27099 -2.1782 1.2912 3.3714 3.2764 0.92411 3.5315 1.1423 -1.1554 -0.084063 3.2464 1.2022
42.605 -12.808 2.2766 1.4846 0.87936 -2.8101 0.70643 3.4899 3.6536 0.36818 3.3225 1.8195 -1.7925 -1.09 3.2672 1.3482
42.073 -12.814 2.2667 1.0084 -0.47473 -3.0529 -0.43048 3.5858 4.2665 1.1147 4.3654 -0.24479 -1.2961 -0.19063 2.2498 1.3197
42.867 -11.934 2.9818 1.0532 1.6391 -3.6441 0.81942 2.3162 4.3181 1.4372 3.639 0.21841 0.29684 -1.2809 2.0591 2.0425
41.832 -11.438 3.9005 1.4728 1.6005 -3.195 0.89001 2.9407 3.6091 0.26305 2.4408 0.38043 -1.8742 -1.5662 2.6448 0.097192
43.319 -11.831 2.7105 2.4566 1.4038 -3.4383 0.15753 2.6924 4.2656 1.142 3.3863 0.51804 -1.7878 -0.45582 2.4621 1.2409
42.509 -10.478 2.2484 1.0781 0.41232 -3.4352 1.1583 3.6695 5.0215 1.0788 3.4685 1.3404 -2.5822 -0.08333 0.96865 0.76953
42.885 -11.407 3.7333 0.84484 1.0271 -1.9985 0.28447 2.8292 5.1703 1.5293 3.6832 0.56917 -1.744 -0.19262 1.8775 0.34982
42.329 -12.134 3.0761 1.6074 0.51673 -2.0432 -0.91989 4.0928 3.7452 0.9829 2.1734 0.37698 -1.8309 -1.4991 1.9644 0.55723
42.279 -11.627 1.9912 1.8512 1.7263 -3.2522 0.98498 3.7158 3.6659 1.0131 3.1694 0.84445 -2.7597 -1.2738 1.6364 -0.26715
38.986 -14.457 2.6846 1.6274 0.82657 -4.6226 3.017 3.732 0.09867 3.8245 1.276 0.37022 -1.7058 0.64015 3.9898 1.564
42.332 -11.84 2.4511 0.65804 1.4536 -4.2742 0.71352 3.5976 2.9922 2.3035 4.0955 0.0072985 -3.6887 -2.3069 0.84055 -1.5621
43.714 -12.473 3.6047 3.8897 2.0043 -4.9055 0.8473 3.396 3.9163 1.2835 2.3197 1.424 -1.0487 -1.1608 2.4235 0.09123
41.403 -10.729 3.0775 4.4651 2.6437 -4.2568 1.3095 3.5216 3.9748 -0.30369 2.9692 -0.10226 -1.2512 -1.3302 2.0942 0.037228
42.38 -12.383 3.1608 3.1873 2.573 -6.9676 -0.26963 2.7177 3.4027 1.8148 3.9409 1.029 -1.4912 -1.549 1.5843 1.3772
42.157 -9.3647 1.6779 -0.064916 -2.7532 3.881 -0.62102 5.2963 4.4665 -1.3238 0.9217 1.0155 -1.8176 1.7152 0.70099 0.57652
46.656 -12.988 2.4338 0.62114 0.97039 -4.6913 0.38513 2.5926 3.3893 0.33339 3.0205 1.1704 -2.2776 -0.80416 1.5797 0.92726
36.62 -11.604 1.4295 3.0094 -0.10089 1.4834 0.49892 4.432 2.3208 1.2023 1.7628 -0.11301 -0.52709 -1.5401 2.1351 -1.2166
36.144 -14.935 -4.7284 4.2256 2.8334 0.57777 -2.1168 2.7052 4.9164 1.5811 3.2321 0.28836 -0.64982 -2.6657 1.02 1.3695
38.938 -10.761 2.804 -0.80181 0.37087 -1.4392 1.0156 3.6282 0.47899 1.6654 4.3812 0.7713 -0.97065 0.55714 3.0617 0.83069
42.139 -12.572 4.8386 1.2089 2.1826 -3.7931 -0.76684 1.0747 3.2066 2.2106 3.3507 2.367 -1.2336 -0.97671 1.5823 -0.34297
43.147 -10.804 1.9077 -0.062777 0.1706 -1.3818 -1.3365 2.2444 4.7963 0.85435 2.7616 0.35107 -2.6985 0.018591 2.3138 0.33599
37.694 -16.046 -1.1405 2.0638 1.0093 -0.55691 0.33804 3.3966 6.0368 -0.89403 5.0535 -0.85473 0.14219 0.1047 1.7747 -1.1873
41.395 -9.6256 2.4452 0.051187 -0.86632 1.9903 -1.1094 1.2389 5.0457 0.68832 2.5591 -0.48577 -4.3433 0.97113 2.4928 0.95332
39.127 -10.902 1.5226 3.3276 -1.0221 0.49078 -0.3176 0.51773 4.3061 0.11996 3.4825 0.046419 -0.20711 -1.1463 1.183 -0.53355
38.062 -17.26 -2.4316 2.2507 4.4067 -2.5849 0.18606 4.633 2.9919 1.6213 2.7123 0.98247 -2.5082 -0.36516 1.8355 0.74085
35.623 -14.347 0.58965 3.0361 1.884 -0.93707 -2.2283 2.8106 3.7677 2.9615 4.2379 -1.3776 -1.2604 1.5358 3.7234 -0.12342
41.982 -10.649 1.8936 4.2828 0.96311 -2.3803 -0.73967 3.3033 3.6022 0.72735 2.8908 1.4669 -2.2844 -0.42509 2.0205 0.83375
42.641 -10.801 2.0351 0.77021 0.85611 -0.95208 -0.78221 4.0226 4.3635 0.56351 2.2405 0.46702 -3.1188 -0.54115 1.5699 0.80558
44.581 -12.217 3.4389 0.94174 0.72371 -0.23279 0.16607 3.4927 3.3168 1.4306 2.9083 -0.84186 -1.5625 -0.72661 2.2608 1.6046
42.556 -11.528 0.49891 0.56185 0.10598 -1.9362 -0.95416 4.0233 3.9912 1.6824 3.0365 -0.87577 -1.8943 -0.80464 2.8122 0.98894
42.082 -12.602 4.6077 1.0018 1.3212 -1.3121 -0.63835 1.7812 3.2477 0.43711 3.3175 1.5194 -2.9632 0.1173 1.8097 -0.62569
43.923 -12.942 3.0115 1.5262 0.39335 -1.3399 -0.38481 3.1079 3.9836 0.49889 1.757 -0.30641 -1.7228 0.61774 2.7813 -1.5347
36.76 -13.629 3.5734 2.8053 -1.6164 -4.7478 1.11 4.7736 2.3979 2.9507 0.7709 -2.6987 -1.7519 -1.1651 1.3065 2.8776
40.606 -13.31 2.7004 1.3898 1.925 -1.6765 0.93978 4.4721 1.658 0.36264 1.9063 1.149 -2.9712 -0.60136 2.3961 0.34081
41.335 -12.579 4.3209 3.3328 2.5929 -2.9705 -0.94587 2.1232 5.1402 0.76113 2.4279 -4.2254 -2.3219 1.6297 2.3068 -1.0354
29.659 -1.6531 3.5016 -3.8191 0.60895 1.4405 -2.0573 -3.2363 0.57616 4.7073 0.79235 1.4512 -2.0964 -0.97484 5.7066 -2.7439
38.641 -11.706 3.5172 1.0166 2.2454 1.0574 0.2539 3.6937 2.81 -0.72965 3.4949 -4.4795 -2.5442 -0.35024 3.3207 -4.0465
43.25 -11.104 2.7847 2.7289 0.67843 -3.924 0.27984 3.2175 2.2895 -0.013767 4.623 0.60866 -0.94464 -0.42984 1.6879 -0.34753
34.983 -8.8195 4.1384 0.13379 2.6978 -3.3089 -0.57759 -3.4833 5.2003 4.3154 0.52259 1.2657 -5.4468 0.91367 4.1834 0.038141
41.359 -9.9557 4.0572 0.86298 1.8856 1.4449 1.7581 2.3851 5.205 1.6058 1.9147 -0.62214 -1.7804 -0.38787 1.1016 0.45893
41.976 -9.1966 2.091 3.7113 0.048676 -1.5231 -0.66047 3.5418 4.6053 0.58872 1.9879 1.0173 -3.1463 0.06611 2.6454 0.96628
43.917 -12.884 3.2463 0.70085 0.88238 -1.9136 0.52881 3.7709 3.7459 0.88624 3.4959 -0.60081 -1.5456 -0.34727 1.673 0.27467
43.03 -12.79 1.5549 1.6745 0.89992 -1.9338 -0.34716 3.2437 2.114 0.88004 3.109 0.021894 -2.8456 -0.109 1.3034 2.1314
44.552 -11.997 1.9807 -2.187 -0.92244 0.30492 -1.379 4.4871 4.2876 -0.37031 1.8426 0.20443 -2.1452 0.59247 1.3102 3.0267
41.001 -15.114 2.2574 1.3643 1.6651 -1.7572 1.2935 3.5982 3.6651 3.0623 3.1823 0.27163 -0.19069 0.60488 2.2817 -0.48815
39.457 -9.4598 2.1717 -0.4575 -0.20312 -0.033295 -0.61266 3.4195 2.745 1.2632 2.8191 0.5927 -1.0563 -0.67053 1.9494 1.5342
44.393 -13.38 3.5194 0.17454 0.1163 -4.0228 0.28753 3.3919 3.8831 1.6531 3.7633 0.685 -2.0771 -0.82419 1.2627 1.2965
44.756 -13.867 4.236 2.1446 0.93722 -0.67657 0.68388 3.401 3.8428 0.74873 2.231 -1.2202 -1.6014 0.41913 2.5157 0.23385
41.299 -13.698 2.2083 -0.44317 1.5143 -1.8034 0.95598 1.3973 4.0501 2.5044 3.3503 0.0757 -2.5014 0.016599 1.0023 0.95245
46.055 -12.593 3.0393 0.56934 0.22421 -1.396 0.17995 3.1606 3.9552 1.1312 3.4704 -0.36694 -1.1886 0.64711 2.8973 1.6362
42.402 -12.516 1.8318 0.95699 1.0135 -2.6103 -1.2828 1.838 3.0713 1.3529 2.9298 0.4011 -2.1151 -2.0934 2.4576 -0.56469
46.525 -14.164 3.3736 4.154 2.3038 -3.7253 0.57144 3.7323 2.7663 -0.14538 1.9892 0.73561 -2.5337 -0.11743 1.8149 -0.36533
36.095 -12.434 -0.47694 1.2861 3.1871 -0.53313 -1.702 0.6928 4.4896 0.89027 1.9315 -0.21007 -0.9031 -2.0534 0.72408 2.7242
32.494 -12.789 -1.2911 -0.24025 -0.14734 -2.5669 -2.5454 -0.68777 -0.69363 1.7306 5.1797 -1.2011 -2.2535 1.8936 4.8513 -0.77945
37.543 -16.904 3.0065 0.40824 0.33033 -0.60432 -0.82955 1.7346 0.045286 2.9351 1.8095 -1.4947 -5.2383 1.3804 3.4932 2.5441
38.071 -9.9182 1.3901 -1.6461 -2.3295 2.3212 -0.38427 4.8801 -0.57992 -0.45803 3.4925 -0.11022 -2.2744 1.1382 4.2426 0.3761
35.334 -8.1248 1.921 1.8953 1.5559 -1.1691 -4.3378 -4.8448 7.3512 3.739 0.23866 1.1246 -2.097 0.67753 2.9391 0.65065
42.111 -15.973 2.1332 4.0728 2.6854 -1.0138 1.9149 5.9431 1.6561 1.5596 1.4557 0.50608 -1.7971 0.41054 2.1736 -0.67692
35.927 -14.098 0.80216 2.2002 -0.095997 -2.8608 -1.2233 0.66165 5.3343 0.25787 3.7281 0.5833 0.97543 -0.25974 1.3054 1.9852
43.894 -13.688 1.8558 -0.31134 1.6939 0.25336 -0.70075 2.5808 3.7866 0.53338 3.0076 0.22421 -2.0101 -1.9116 0.69768 0.665
40.157 -8.0389 1.1641 -1.6244 -1.0634 0.20619 1.2779 3.4195 2.812 0.4619 6.1021 2.2681 -0.7405 -1.0402 2.7721 1.8325
43.524 -12.218 1.7267 -0.25405 0.1984 0.024696 0.70042 3.2388 4.1592 2.561 3.2793 -1.7567 -1.6143 -0.67487 2.1843 1.7375
43.588 -12.676 3.5907 2.4463 0.62231 -2.524 0.10874 2.923 3.0903 1.358 3.1309 1.2886 -1.0778 -0.37305 1.8631 0.51577
39.926 -12.124 2.4233 1.4657 -0.79346 -1.8743 0.19285 4.5902 3.8979 2.4601 3.0137 -0.7355 -1.294 -1.2443 1.3635 0.44921
40.23 -11.343 2.7503 -1.5834 1.2903 -2.609 1.5168 2.229 5.5456 1.1015 3.8059 -0.56817 -1.2976 0.77796 2.147 1.9533
37.556 -8.7021 3.0204 1.7252 1.273 -1.774 0.8839 1.3963 4.1605 2.0924 2.2842 0.88239 -2.6585 -2.8923 1.0397 0.42095
38.91 -10.892 1.9115 1.9517 0.030627 -3.7022 -0.024666 1.729 3.3417 2.9644 3.6481 1.2817 -2.3316 -2.0123 2.253 0.63772
39.749 -10.35 2.2844 0.74461 0.25108 -4.3098 -1.3267 3.3276 3.0747 1.901 2.5706 1.3005 -1.8247 -3.1508 -0.41361 0.15386
42.833 -12.144 2.6602 -2.5102 -0.39501 -1.1608 -0.68725 3.1813 3.8617 0.059832 1.8155 1.4859 -2.3345 -0.71254 0.90523 0.56585
43.866 -11.883 2.5955 0.56219 0.22987 0.28092 -0.201 2.7648 2.3961 1.3322 3.7657 0.081579 -2.6434 -0.99636 2.4688 1.4451
41.829 -11.144 1.5813 -3.9228 -0.30198 -2.557 -0.65782 3.3051 3.3759 -1.2222 1.1657 1.67 -1.8604 0.27996 2.2848 0.83016
40.843 -11.737 2.7243 0.81812 0.15379 -2.3276 0.80287 1.6229 2.8491 2.7705 3.5182 -0.64477 -2.5576 -1.225 2.6251 -0.55609
44.202 -12.65 2.3857 1.8581 1.9404 -2.7891 0.25077 3.2403 3.7503 0.55826 2.6407 0.32439 -1.8975 0.90639 2.2745 0.57835
39.896 -13.946 2.0787 1.1581 1.7258 -3.544 -0.098185 2.0164 2.899 1.5767 2.0482 1.8985 -3.4549 -0.44214 3.1572 1.2234
44.371 -11.288 2.6256 1.8203 0.80923 -2.607 0.76574 3.2375 5.0391 2.1625 2.388 -0.16638 -0.62696 -1.4114 2.0083 0.98402
38.945 -13.664 1.6264 -0.53693 -1.0749 -0.40973 0.48396 3.5128 3.2169 0.96606 2.7737 -0.26766 -0.43672 0.15329 2.1995 0.58151
42.896 -9.2518 0.5757 -2.9306 -2.5467 0.63433 -1.1408 5.1373 4.4586 -0.16639 3.2484 0.99909 -2.7704 -0.29421 2.0909 -0.38865
42.444 -9.3965 0.018096 -0.82986 -2.8067 0.018636 -1.1537 5.2548 4.2826 1.7704 1.3412 0.65817 -2.1076 2.1182 3.5631 1.5218
41.178 -12.616 2.9147 1.6289 2.0036 -0.68175 0.5857 2.4898 4.9177 0.76677 2.9456 -0.17613 -2.3549 -1.5437 1.2727 -0.49228
28.733 -19.487 -4.5005 3.0341 -0.49809 2.1627 0.64153 4.9497 3.109 2.8831 2.5981 -0.77109 -0.46267 -2.2583 -0.999 1.1559
41.927 -9.743 -0.0083602 0.64319 -1.8607 -1.1253 -1.9817 3.1417 2.0194 0.69229 3.2309 0.32837 -1.3118 -1.6086 1.5926 0.16757
36.376 -9.7924 2.341 -0.16556 -1.7237 1.2293 0.58648 5.2548 0.10317 -0.52708 3.081 -0.061586 -3.3013 -0.28682 3.0138 -1.1087
41.307 -10.37 1.4449 1.9308 0.86056 -1.3694 -0.24535 2.8518 2.4563 0.0087924 4.5355 -0.73844 -2.8653 -0.63732 1.9926 -0.36439
38.555 -17.092 0.94534 0.30054 3.0356 0.38319 -3.521 -1.4648 5.9853 -0.18458 3.7008 -1.0954 -2.053 1.1678 3.1677 0.71481
36.256 -12.687 0.23881 0.65571 3.7467 -0.71399 -1.7968 0.31993 5.2328 0.88943 2.7925 -0.54057 -2.6619 -1.8815 -0.27103 0.77269
30.9 -16.156 1.7094 1.031 0.89781 -2.752 -3.1052 5.4312 4.7317 -0.25509 3.0032 0.15182 -0.78024 0.39023 0.014009 -0.20695
30.195 -16.709 0.30986 3.4381 -3.4078 -3.3911 0.43437 5.0647 3.8894 -1.6982 0.98952 2.1706 -1.1156 -2.1715 -0.27845 3.1703
29.62 -15.045 -1.1907 2.4224 3.504 -2.9662 1.4361 3.1199 3.2983 4.0287 1.0007 0.26687 -0.7079 -0.0045927 2.2031 1.0386
35.035 -14.391 0.15893 -0.67127 1.858 -2.9143 1.043 3.6769 0.02348 3.028 3.08 -0.15885 -4.9668 -0.98114 2.3348 0.060843
41.102 -13.077 2.3478 -0.44805 1.5695 -3.1708 0.62034 1.2414 3.7187 2.032 3.4138 0.64963 -3.2931 -0.88702 1.2933 0.346
43.704 -13.439 3.6615 1.3409 0.33897 -4.0444 0.039038 2.8404 3.3793 1.965 4.3177 -0.26575 -2.387 -1.4117 0.45784 0.35992
40.292 -7.5733 1.6187 2.8331 0.75599 -1.8912 1.5799 2.8856 3.9497 2.2416 3.0167 1.402 -2.2643 -0.3375 2.2394 0.57278
40.208 -15.153 2.9323 1.726 1.5639 -2.0252 0.55309 3.1763 3.4271 2.2591 2.3332 0.60528 -1.3214 0.12217 2.3855 -1.0462
42.904 -10.713 2.893 0.96066 0.27579 -1.4199 -0.97427 4.2274 4.6455 0.62164 1.7745 -1.0328 -3.796 -0.77257 1.3316 0.43364
41.519 -11.696 2.7568 3.1609 1.3135 -0.25381 0.030071 2.4245 4.3477 0.11535 3.4128 0.45372 -1.2119 -0.11878 1.6822 -0.77946
41.366 -11.421 2.7091 2.3121 2.0955 -2.507 1.1972 2.1624 4.9463 0.39738 2.6631 0.98434 -1.8497 -0.94248 1.7911 1.1315
41.42 -10.713 1.9528 2.342 0.28646 -1.4763 -1.4502 3.9712 3.0162 0.60417 4.0906 0.84318 -0.53871 -0.17626 0.90581 0.90629
40.267 -11.117 2.7109 2.5222 0.41691 0.17492 0.44017 3.9478 3.0289 0.87597 3.1023 0.40499 -0.78059 -1.5897 0.38748 -0.22673
39.488 -9.7128 5.0112 0.45138 1.7327 0.62613 0.76268 3.0713 3.3724 1.019 2.268 0.83005 -1.9425 -1.2699 -1.0016 -0.97286
39.63 -8.5608 3.7709 1.6305 -0.058825 -2.7821 0.28772 3.3876 2.3741 -0.85671 3.2231 0.635 -2.0388 -0.80448 2.1031 1.509
40.925 -11.526 2.2619 0.80868 -1.6059 -1.7364 0.48047 3.4387 4.8441 -0.13229 3.4106 0.48957 -0.18206 -0.83993 -0.88059 1.4156
37.56 -8.2483 2.6293 1.6599 0.5064 -1.7324 -1.3118 3.8502 3.543 2.3988 2.6897 1.3678 -2.2199 -1.0489 -0.74776 0.78896
41.417 -12.973 1.3914 1.3419 1.2837 -3.1283 0.31428 4.262 2.3775 1.9706 2.6442 2.7923 -2.5557 -1.5399 1.1373 0.47029
41.219 -11.28 2.4317 0.51715 0.95755 -2.467 0.77392 1.6128 3.7493 1.5732 3.2254 0.87854 -2.8623 -0.39241 3.5737 -0.71451
41.2 -11.461 3.1269 0.0004571 0.9488 -3.0438 0.43774 2.3504 3.9837 2.6606 3.7054 1.5967 -1.3949 -1.0886 1.7027 0.74054
40.676 -13.547 4.2789 1.1486 0.85796 -1.5601 0.28718 3.3751 3.1393 0.1606 2.5072 1.2948 -1.5617 -0.79 1.652 1.4045
32.289 -9.1164 -1.2835 2.119 0.079058 -1.9341 -0.20582 4.2642 1.3118 0.92956 3.5718 -0.51732 -1.0859 -2.8369 1.5967 0.51082
38.855 -9.5931 2.1637 1.4619 0.40208 -3.1625 1.1026 1.9414 1.014 2.3325 3.4377 -0.67014 -1.457 -1.6394 3.0871 -0.3388
36.646 -14.283 -0.79092 1.8682 3.3719 -0.52521 -0.16805 4.715 4.5595 2.2265 1.8529 -0.84288 -0.93741 -1.4362 2.3533 1.9874
36.349 -6.0885 0.50689 5.1825 -1.6875 0.69913 1.9773 4.042 2.7598 1.6489 2.916 0.53471 -1.282 -0.94059 -0.21972 0.083155
36.862 -11.96 2.4714 1.8918 1.3848 -1.6277 1.4781 4.1095 1.8478 2.0119 3.1955 0.32329 0.33156 0.45015 2.0439 -0.2435
37.589 -12.179 2.3037 1.3291 -0.44821 1.1828 -1.4124 0.38365 3.3235 2.4806 1.9877 0.85515 -0.095795 -0.77725 1.5473 -0.18351
39.25 -9.4141 2.7702 2.0997 0.65511 1.4515 0.59396 3.0272 3.0448 -0.027 4.145 1.045 -0.53135 -1.2235 0.95427 2.1823
39 -14.981 4.2566 0.67233 -1.2616 -2.36 2.5907 2.6286 6.1138 -0.9656 3.6601 -0.51776 0.14956 0.017679 1.8996 -2.5366
40.932 -9.8322 1.4897 5.9345 -0.11832 -3.3546 -1.6717 4.2069 4.7195 2.0245 2.4868 -0.73481 -1.1147 -1.2179 2.6083 2.1214
38.244 -10.251 2.7709 5.0562 -0.54103 -1.0524 -0.65523 2.7881 2.6678 0.59374 2.5369 0.97242 -0.097792 -0.80752 2.4393 -0.56353
33.486 -12.858 -0.20409 2.0908 3.4844 -1.8094 1.7616 2.1277 1.6279 1.7353 4.1864 3.6857 0.15724 1.0969 3.1239 0.43141
39.424 -13.097 1.762 3.198 0.07111 -2.1307 2.9055 4.42 2.39 0.38437 1.6872 1.2677 -1.0901 -0.57829 1.4701 -0.93733
42.996 -14.848 4.5017 1.2307 -1.835 -0.29167 1.3046 3.9476 5.0682 -0.39685 1.9423 -0.35283 -0.54261 2.053 2.6521 -0.40166
39.351 -13.892 2.8148 -2.7656 -1.5786 0.94304 -0.31633 3.3262 4.5243 1.1674 0.47077 -0.64362 -2.9009 -0.30393 0.5193 -0.091245
41.236 -10.788 1.8169 -0.92148 -1.1014 1.6808 -0.70971 1.1153 3.8073 2.4787 1.0006 0.53383 -3.1523 -0.7579 0.1685 0.37968
43.338 -15.859 1.2728 0.58392 1.1624 0.81473 -0.044828 4.3368 5.2904 -1.6304 1.92 -0.06786 -0.07879 2.5389 3.5386 0.54185
43.928 -12.936 2.7105 -1.0447 -1.5842 4.1061 -1.4799 4.5453 4.1238 -0.74669 1.3497 0.32884 -1.1699 -0.044017 -0.2898 0.37791
40.413 -14.944 1.6728 0.026233 -0.76597 0.41719 -2.0198 -1.9072 4.3802 -0.67347 3.8907 1.1465 -2.8495 0.31067 2.89 -0.013264
42.937 -9.4331 0.04614 -2.722 -1.2477 -1.3253 -1.0399 4.1526 5.3477 0.94973 -0.20862 1.0641 -2.5882 -0.043916 0.73204 1.1342
42.271 -9.0833 0.74575 -3.6857 -2.8512 1.8523 -1.8259 3.4507 4.4035 1.0108 3.9972 0.10986 -3.1001 0.64969 1.393 0.12623
36.181 -10.893 -0.38788 3.436 -1.6568 -2.4157 2.5738 3.1532 5.192 6.3309 -2.0492 2.321 -2.4532 -1.5972 1.0915 1.9641
42.559 -13.359 1.6448 1.4605 1.178 -3.0095 0.090489 3.1864 4.6545 3.3579 5.4186 -1.9977 -1.6884 -0.7762 2.3701 2.1304
39.149 -10.197 3.5585 1.3747 0.90762 -4.8259 0.95848 4.0689 5.0226 0.32659 2.44 0.85646 -1.8527 0.96861 2.5345 0.29298
43.15 -12.509 2.9291 2.2035 0.9111 -4.7167 0.57709 3.3631 4.7681 1.6551 3.0362 -0.71668 -1.8399 -1.7675 1.3959 0.46736
41.796 -7.5213 0.0023422 0.23045 -0.53078 -1.6235 -0.7425 2.8145 4.6936 1.396 0.097084 1.4704 -1.1519 -1.2467 2.9174 2.3291
39.551 -15.809 -1.3221 -2.064 2.8842 -0.58181 -0.071174 3.3185 5.2782 2.3078 5.6022 -2.3424 -1.2822 -0.58576 1.6234 1.3139
43.384 -12.371 4.1398 -0.091284 0.9856 0.61282 -0.18453 1.946 3.8884 0.62486 2.867 -0.2897 -1.516 -1.3041 1.2459 0.53731
33.29 -20.619 1.6315 -1.3602 -1.5351 -0.66986 3.7515 5.3629 2.102 -0.042708 2.4839 -2.1851 -0.96782 -0.78798 0.48674 -0.080317
41.527 -11.325 2.885 -0.22927 -0.76038 1.6186 0.32687 1.7042 4.4437 0.86457 3.4052 0.92675 -1.5983 -0.231 1.4355 0.70402
42.77 -12.044 2.797 -0.50152 0.33348 -1.3751 -0.25526 3.7315 4.0158 0.92121 1.3258 -0.013869 -2.327 -0.54025 1.9795 1.3231
36.856 -11.335 4.0199 0.37234 1.5688 -1.7397 0.68671 1.738 3.5683 3.0456 1.8798 -0.018011 -1.378 -4.2099 0.38084 0.83959
44.027 -13.562 2.8797 1.3309 0.55724 -0.0027424 1.0334 1.5468 4.7954 2.6527 2.0843 0.33326 -1.7969 -0.51356 2.8141 1.7307
40.634 -12.549 3.9039 -0.93724 -1.6318 -0.31416 1.331 3.7068 0.35618 2.8327 1.5709 -0.7746 -1.9935 -1.2169 3.2097 2.5184
39.054 -10.262 3.6181 1.0869 -0.74307 -0.96909 -0.47283 0.5726 1.2081 2.2546 4.0225 1.2934 -0.66603 1.7094 4.3619 -0.84769
43.055 -14.415 3.7534 -0.63883 -0.62158 0.32933 0.89446 4.7756 2.5911 -0.84196 1.9326 1.1554 -1.234 0.18251 1.5181 3.4402
43.04 -11.952 2.0761 3.7767 1.6757 -3.2483 0.51551 2.0695 3.3848 1.3857 2.9443 0.69724 -1.4444 -1.4746 1.274 0.9637
44.872 -9.8455 1.3312 1.3992 -0.76183 -0.020318 -0.28414 3.3714 5.0065 2.6326 1.4225 -0.57465 -1.9232 0.39748 2.4684 2.6229
41.148 -14.554 1.9386 0.37893 1.9926 -0.66554 1.2427 2.6139 4.3405 3.1877 3.5524 -0.40993 -0.18763 0.61473 3.003 1.4268
43.747 -11.174 2.0927 -2.1691 -0.50396 -2.0687 -0.029263 3.7424 3.4635 0.87307 3.7885 0.25203 -3.217 0.71459 2.8123 0.21002
44.5 -10.79 0.79137 -4.447 -1.4678 -0.94417 -1.6757 4.9189 4.7769 -0.80626 1.6225 0.73656 -2.616 1.0278 2.4928 0.084486
42.284 -9.7015 0.69714 -1.0926 -1.7857 -1.5602 -1.018 5.0733 4.1296 -0.1229 1.5075 0.43171 -2.4891 0.067846 2.6163 -0.2825
39.144 -15.887 1.0083 1.0307 2.9363 -0.1412 -0.1903 1.1628 5.3863 1.4252 4.0411 -1.1897 -0.90909 0.36388 2.3911 1.4349
43.575 -13.738 3.0336 -1.5092 0.62858 -0.98423 -0.56519 4.2641 3.7136 0.33125 2.1982 -0.085604 -2.1512 -0.30007 2.8592 1.3393
41.318 -11.726 1.5213 -0.071038 0.1321 -0.69753 -0.68849 2.4125 4.3078 0.7383 1.6036 0.92678 -1.2208 -1.3582 0.30163 0.77369
41.304 -11.725 2.6672 -0.14663 0.089507 0.90799 0.33177 3.4225 3.8452 1.004 2.7201 0.46476 -1.0541 -1.56 1.3832 1.3695
42.484 -11.687 2.2762 -1.0498 0.65632 -0.7503 0.58681 1.8378 4.0678 1.4587 3.4353 0.11795 -1.4231 -1.0007 1.4175 0.43278
42.309 -10.003 4.5972 -0.19648 2.5312 -1.3944 0.56529 1.9001 3.5892 0.6944 1.8294 1.2042 -0.72685 -0.59028 3.7157 0.40477
43.407 -13.739 1.3705 -0.1866 0.21165 -1.8397 -0.62389 2.5052 4.8237 -0.27456 2.6416 0.32263 -1.6243 -0.19186 0.97074 0.31115
