32.585 -9.558 0.87742 1.9371 -0.42118 -2.8342 -0.00053789 3.7819 5.0427 2.134 2.955 -0.83741 -2.8958 0.26795 2.4465 -0.10422
27.401 -8.3089 3.747 -0.07049 1.5356 -0.27529 -0.18973 6.4205 4.7328 0.23958 3.1504 -0.29775 -0.91128 0.95538 2.9556 2.5966
35.026 -8.9305 3.5971 0.47108 2.0625 -3.2029 -0.10196 3.9222 4.8779 -0.47164 2.6611 0.78486 -1.3174 -0.94125 0.1737 0.91389
34.198 -12.995 -1.6499 2.5978 3.6369 -0.27186 -2.3467 4.275 4.8568 1.1291 1.3089 -2.0526 -0.71779 0.80066 2.0163 -0.49483
33.361 -10.231 2.1542 1.0508 0.65712 -2.4087 0.13276 4.0972 2.8999 0.66701 2.0798 1.0599 -1.9201 0.41899 2.1088 2.2978
34.128 -10.357 1.5164 -1.1787 0.46671 -2.2113 0.82815 3.2605 3.1052 -0.90557 4.3994 0.31789 -4.2737 0.77297 3.4376 3.3875
32.316 -6.0831 -0.4848 -1.1155 0.76739 -2.0573 -2.4938 3.3977 3.9451 -1.9733 0.71287 -1.8335 -3.3993 1.6402 3.4867 0.36218
34.26 -6.8379 1.2882 2.3294 0.17973 -2.1763 -1.0185 3.1188 3.8579 2.2103 2.3083 -1.627 -0.71295 0.0027539 3.2401 0.7465
38.551 -8.5647 2.518 0.60243 0.22603 -1.074 0.17009 4.1156 5.5981 0.59555 2.1875 -0.070677 0.25012 -0.6403 2.9874 1.3306
31.927 -9.6933 1.2573 -1.459 -0.89403 -2.6253 -1.7354 4.1286 5.1073 0.71573 2.7907 -1.6528 -3.9112 0.37697 2.396 0.080416
32.816 -11.239 1.918 4.1456 2.3971 -1.5451 -1.8161 5.404 3.547 -0.8675 0.99966 -0.39147 -3.2911 -0.58024 2.5499 0.041532
35.261 -10.098 -0.74281 -1.8319 1.4245 -3.0116 -1.7643 2.7214 3.9614 -0.048644 3.6691 -1.3958 -2.4959 -0.71146 1.9035 1.13
33.827 -10.701 2.564 0.66492 0.32462 -2.8125 -1.0696 0.94628 6.0884 1.3085 0.84415 -1.5351 -1.0209 0.47603 1.9802 1.2476
32.388 -13.428 0.77499 -0.68938 3.5126 -2.5819 -0.18298 3.4919 3.9245 2.139 2.8092 0.8561 -1.8335 0.24109 1.3039 -0.80073
32.891 -13.41 1.4309 -1.9207 1.4285 -3.174 1.5259 3.0567 2.2423 -0.64736 0.69163 2.5427 -1.3444 -1.0103 5.0579 0.33622
36.434 -6.0627 1.7878 -0.89568 1.9694 -2.3509 1.444 3.2935 5.0076 2.3981 2.006 -1.1624 -0.089969 -2.3539 2.5691 -0.067021
30.154 -4.0371 4.018 4.8748 1.0856 -0.48662 1.5538 4.6961 3.6515 -2.1786 1.2099 -1.2836 -1.8099 0.137 2.9864 -0.11045
34.629 -11.037 2.0051 3.9729 2.5313 -3.0216 0.72338 3.4327 3.9808 0.39605 2.9058 0.83581 -2.4176 -1.6417 1.3182 -0.0097161
35.417 -13.871 -0.91119 -2.5848 3.934 -0.6422 -0.78165 2.1667 6.0469 0.20808 6.1288 0.64857 0.80217 -1.01 1.6878 1.8282
37.335 -13.769 4.0654 -3.0426 0.17408 -2.7006 -0.73452 2.5485 4.5102 -2.1928 3.7194 -0.74525 -1.0665 -0.64529 0.97293 -1.3837
37.786 -8.0537 1.9616 -0.41327 1.3227 -1.4102 1.424 4.5605 5.4773 2.3334 0.43597 -0.49851 0.33337 -1.3552 4.0305 0.35338
28.896 -11.633 -3.3011 2.813 1.5665 -2.3694 -1.7233 3.4345 2.1453 1.7974 2.7682 2.5881 -0.31967 -1.2655 1.6607 2.5283
40.144 -9.6273 0.19049 -3.4916 -0.35715 -3.5819 -1.2972 2.8438 3.4798 0.35947 2.7699 1.0472 -1.5823 -0.075069 1.5081 0.49864
33.9 -10.27 1.8651 0.76076 2.8486 -2.5648 -2.809 3.9774 4.8619 1.0072 2.4317 0.078598 -1.8156 0.46496 1.5829 1.4726
28.7 -11.25 3.0638 3.2911 0.53164 -2.5448 1.662 2.5759 6.5078 1.6924 1.6189 1.4534 -0.40064 -1.0166 2.1096 -1.0403
25.008 -10.395 6.8813 0.0047845 0.18964 1.1295 -1.0501 -0.062869 2.3154 -0.69394 3.3631 1.0238 -2.4778 -1.0393 0.43897 2.2527
30.981 -12.503 -0.057679 2.8083 2.9166 -3.0694 -1.7115 -0.17555 1.0922 0.37248 2.2517 -0.74215 -3.9125 0.88078 3.2562 3.0327
32.248 -9.4526 1.8446 -0.7635 1.8079 -0.96306 0.55114 3.8648 3.6832 0.011215 2.586 0.81597 -0.97181 0.082434 0.56548 -2.2914
31.159 -14.558 -0.64356 0.53936 5.071 -1.3076 -0.78992 3.8359 2.7585 -0.02278 1.0051 1.9747 -1.9744 1.6099 2.307 0.37834
33.727 -12.826 4.0224 -2.8561 0.74231 -4.8391 1.5616 4.4852 2.1403 0.47642 1.5115 -0.85367 -4.4319 -1.7474 0.85541 0.23824
30.8 -14.163 4.0975 -1.1859 4.1935 -1.7969 0.14422 3.9245 4.4789 0.78839 3.1603 1.7004 -1.9051 -0.35026 4.209 0.63506
25.002 -18.414 0.097973 2.0304 1.4807 -3.1197 -1.2043 1.043 1.3334 2.2375 1.5404 1.4019 -2.7113 1.6882 4.3016 0.61747
31.519 -12.249 -4.8652 -0.1571 -1.5112 -0.37287 -4.682 4.635 2.8316 2.2178 1.879 -2.7555 -4.8516 -1.8262 2.9938 0.24375
34.105 -11.681 2.4565 -0.653 -2.7842 -0.2657 1.0651 4.3345 3.9668 2.4871 2.6614 -0.69789 -3.1707 0.36912 1.6819 0.41337
34.083 -15.508 2.936 -2.2843 3.8989 -3.5571 -0.34402 1.1267 4.0055 2.7244 3.0206 -2.8275 -1.1975 0.097032 1.5311 3.0084
29.346 -14.705 -0.5768 0.21457 0.096337 -2.5446 -1.2934 1.1252 5.3564 1.049 3.8484 0.51882 -1.4582 -2.2451 2.6242 0.79056
32.382 -12.546 0.80239 -0.45984 3.6489 -1.7959 2.2492 3.8248 3.3709 2.5804 2.1507 -1.3226 -0.75293 1.4826 2.6317 0.28641
32.393 -13.305 -3.6888 -0.51527 0.63042 -4.0408 1.469 4.3048 5.0255 0.085559 4.4561 -1.741 -2.529 1.5997 3.1047 -0.56795
32.463 -11.519 2.5116 1.8971 5.4619 -4.2704 2.3552 1.5073 4.6921 2.7612 4.011 2.1172 -3.6605 -1.113 1.808 1.8102
28.39 -11.664 -1.8899 2.6047 1.3096 -1.0737 -0.99518 4.8187 3.8151 0.37595 0.31882 -0.92443 -3.2512 -0.79956 0.93385 -3.8276
33.54 -5.9553 4.0212 3.0902 0.092366 -2.1416 1.8043 3.1068 0.55369 0.54538 4.6333 -0.87621 -2.5904 -0.19378 0.3812 1.4174
32.797 -10.3 3.7278 2.2244 -1.7004 -3.4609 3.0629 1.7844 6.0743 1.3585 3.8719 0.34792 -2.2869 0.056526 2.2891 0.77993
38.247 -10.594 1.8847 1.5279 1.591 -5.5987 -0.8871 4.3965 3.3777 0.27928 0.15995 0.74931 -1.4733 0.033329 3.529 0.50101
28.814 -9.0843 3.7324 -1.2954 -1.3506 -2.8332 2.012 4.1913 3.8688 -0.74365 0.96829 0.87442 -2.5432 -0.68373 -0.081336 1.6578
30.645 -8.8202 4.5023 0.43247 -1.501 -4.2314 1.7905 3.1313 3.2971 2.6702 2.2343 -1.8124 -0.41716 0.059137 0.51254 1.4744
30.004 -7.5402 2.858 3.3923 0.41823 -0.054907 1.028 2.7724 5.6682 -0.85703 0.40899 0.96977 -1.6433 2.5103 3.4815 -1.5439
32.77 -8.3285 1.5418 2.2406 0.22149 -3.2301 -1.8764 3.8252 2.7378 2.6572 3.0516 1.2231 -1.0095 -1.384 2.4886 1.8834
35.481 -8.2171 3.9365 -6.2148 -0.65065 -2.9363 -1.0439 4.3905 1.64 2.2643 2.6584 -0.47939 -3.8989 -1.0982 0.97429 0.38943
25.802 -13.111 -2.9086 0.28016 1.2966 -0.48699 0.96015 4.1022 3.8522 2.4512 2.591 -3.0682 -2.8551 -2.9643 -0.01021 1.9815
36.428 -9.4443 1.9916 -2.0489 0.89244 -1.4944 -0.16701 3.3234 3.9373 1.3522 3.1039 1.4975 -0.64263 -2.4732 -0.14759 2.7018
34.071 -12.311 3.1112 -1.3048 1.9014 -2.4554 0.82267 1.3558 3.5221 1.5244 4.443 1.2581 -1.7467 -1.1388 0.90926 0.94475
29.564 -10.927 -0.31099 0.075473 1.0767 -2.5926 1.8867 5.0946 2.8635 3.8028 2.58 -0.38746 -2.1851 -0.0069079 3.2145 -0.61956
30.323 -9.3245 -0.41783 0.070735 -1.393 -3.6039 -1.4421 4.5306 3.6677 -0.91501 0.64448 -0.96934 -1.8234 0.72604 2.6195 -0.18918
29.121 -11.494 2.7822 0.78112 -0.66404 -1.8255 1.3677 1.4384 2.806 -2.2213 3.115 -0.36078 -2.6513 1.6002 2.3691 1.7754
27.929 -13.673 3.5665 3.7335 1.8412 -2.8125 0.42684 1.3235 4.6752 0.60726 0.60542 -0.77364 -2.5918 -1.4694 5.5346 -0.12536
33.536 -10.788 3.5261 1.066 0.47474 -4.4336 0.050695 4.9581 5.0502 -0.17751 3.3458 0.38859 -0.93316 1.0165 1.9353 0.35605
29.93 -11.696 5.0865 -3.4638 0.88237 -3.709 2.6822 5.7739 1.9234 0.92427 0.97175 -0.89815 -1.6384 0.48429 0.26917 0.93994
31.902 -11.663 0.69218 -2.3966 0.67359 1.1552 0.20924 3.574 1.1565 2.2064 4.774 -2.0182 -0.90988 -0.53341 1.7253 2.0684
32.355 -12.444 3.3355 1.8233 1.8161 -2.3027 0.66144 2.8199 4.9943 -2.1689 2.8497 -1.4879 -2.8132 -2.7633 -0.58185 -4.4618
32.496 -9.7158 0.75727 0.053659 1.6226 -0.9394 -2.5471 0.66812 5.4436 0.5606 1.786 -2.4707 -2.1522 -0.74152 1.9835 3.1277
33.139 -10.539 2.9496 1.0777 1.0767 -1.7357 0.28312 1.9519 2.7374 1.4044 2.4861 -0.78555 -1.3409 -1.5601 3.3197 1.8174
33.295 -8.2335 1.054 -1.2986 0.7502 -2.6343 0.60126 4.3108 4.0525 -0.49672 2.7392 -0.15772 -1.9679 0.40614 1.9817 -0.63675
36.54 -11.386 2.699 0.16139 3.3865 -1.8226 -0.13651 2.7845 2.69 -0.047751 3.6682 0.18374 -1.6033 0.18736 3.4405 1.2537
35.031 -12.184 -0.96437 1.5904 2.5257 -0.77659 -0.63653 2.9964 3.7159 0.96716 2.782 -0.14238 -1.8456 -1.3003 2.2815 0.97001
35.627 -9.189 3.917 0.68541 4.4157 -2.5969 1.751 2.0706 4.8481 -0.67882 3.2425 -1.7233 -4.1149 -0.22607 2.1672 -0.52643
27.263 -11.26 3.1711 0.22673 1.6641 -2.6739 0.76004 3.1419 4.3361 1.1819 2.252 1.1731 -2.8146 -1.6322 2.3178 -0.16071
27.8 -12.414 1.5829 -6.801 2.9652 -0.26937 0.22104 -0.94893 3.783 1.8529 4.6935 -0.94801 -0.93631 -1.0981 0.60328 -4.0022
36.261 -7.9178 2.3848 -1.6928 0.10027 -2.3039 0.78098 3.5163 4.1137 0.35682 3.2643 -0.099182 -0.68203 -0.192 0.64756 1.2992
38.201 -10.411 1.7812 0.59948 0.2343 -2.1489 0.039853 2.5525 3.0951 1.7576 1.968 -0.5918 -0.63667 -0.57707 2.3948 0.31418
33.622 -10.888 3.6151 -1.1315 -0.11112 -1.8641 0.97729 4.9313 5.5295 -2.4832 0.76878 -0.887 1.7074 1.5845 -0.33279 1.316
33.279 -8.4501 2.433 1.2316 1.5963 -2.6198 -0.021717 1.6617 3.3631 2.8257 1.6408 0.24838 0.087667 0.68914 -0.030093 0.9336
34.63 -8.9202 1.8224 -0.024867 1.4354 -2.2709 1.8724 3.0093 3.4731 -0.67842 2.1575 2.4076 -1.9449 0.0042976 0.52584 0.040935
37.48 -12.892 0.60764 0.15816 1.5261 -4.8653 2.3016 3.4884 4.0098 3.2343 4.2435 1.3997 -0.066341 0.94335 3.1154 0.41455
33.266 -8.8019 1.9669 5.4629 0.055412 -0.51894 -2.4977 3.8629 2.1051 0.77662 1.4178 0.24461 -0.23439 0.77803 3.027 2.2962
36.233 -9.7687 2.4891 -3.286 -0.40674 -4.8576 0.23395 2.9678 3.3841 -0.19344 2.7164 0.60971 -1.5296 2.37 2.8044 1.3163
33.551 -7.5374 2.3409 0.080427 -0.26511 -2.6473 0.78952 1.364 4.7603 -0.085781 1.3842 0.52701 -0.94154 -0.37653 1.4259 -0.44674
35.902 -9.8385 2.7165 5.167 1.1577 -1.4611 0.11216 2.5548 1.9721 -0.51487 3.6422 -0.5738 -0.55619 0.24071 2.4562 1.7587
36.831 -8.5297 1.6297 -1.7644 -0.98827 -2.829 -1.0552 4.3 2.9049 0.59314 3.4163 0.97474 -0.143 -0.77874 2.446 2.3599
34.683 -8.7915 1.8965 -3.0211 -0.33012 -2.0965 -0.38139 3.6415 3.856 0.69017 3.0683 1.3945 -1.126 0.70004 3.8263 1.8234
30.762 -15.984 -1.2051 0.9512 3.6074 -0.61272 -2.6346 4.5087 2.8828 1.5256 0.96956 -3.1193 -2.3587 -1.0832 -0.12166 1.2788
37.498 -10.34 3.3847 -0.10282 1.6964 -5.3905 -0.70989 3.4739 4.2465 -0.060559 1.4295 -1.2033 -2.0461 0.19784 1.4599 1.87
32.212 -15.686 -0.079009 -1.6207 -1.6737 -1.3602 1.0756 0.86625 6.2489 0.18493 0.80964 -0.95156 -1.6469 -1.8729 3.161 0.84889
32.334 -11.617 0.61683 -0.25942 -2.3599 -3.7567 -0.91151 3.0743 4.4567 -2.0284 3.7357 -1.0439 -0.090303 -1.6831 1.4405 2.18
37.725 -9.154 1.6436 0.92471 1.6738 -2.0718 0.26235 4.0082 3.204 0.30373 2.4464 -0.60014 -1.3115 -0.43537 2.058 0.78527
28.527 -7.3436 -1.7042 2.8915 4.6549 -3.4163 0.29367 2.659 3.7278 2.6112 4.0023 0.062251 -3.1531 -1.0403 1.0702 1.2093
31.951 -10.065 1.588 0.78763 0.6678 -0.72157 -0.21842 2.1524 2.2876 0.81515 3.7297 -0.89914 -1.8673 -0.015369 -0.07222 -0.81663
35.541 -9.8342 4.357 4.2623 2.6183 -2.1445 0.60076 3.2064 4.191 -0.48038 1.5984 2.606 -1.7067 -0.49296 -0.061325 -0.7817
34.294 -10.506 2.5951 3.016 1.1421 -0.65706 0.022874 1.9855 2.5591 -0.37245 1.9211 1.051 -3.202 0.71717 3.1781 3.857
32.997 -11.407 4.4931 -0.56562 1.3992 -2.9441 -0.4801 2.7358 4.6543 -0.31684 3.2442 -2.9085 -3.1145 0.43453 1.7451 1.2857
31.167 -12.705 0.10046 1.5606 3.594 -1.0612 2.1289 4.1474 5.4994 0.29507 4.1637 -0.544 -2.1863 0.21063 0.82394 -0.0093624
30.036 -13.011 2.5288 0.59229 0.49199 -0.85533 1.5905 0.98558 6.5539 1.3201 2.0213 -2.8191 -3.7534 -0.44041 -0.66489 0.51772
32.734 -9.7159 5.2322 -1.7149 3.2471 -0.56937 -0.35206 3.1216 3.939 0.89311 1.2843 -0.72846 -0.96224 -0.31369 1.4659 1.7411
30.64 -12.306 5.7954 0.63453 2.7289 -2.2167 1.2744 2.9921 2.6705 1.6066 1.5221 0.011799 -0.28142 -1.8102 1.3499 1.6871
31.974 -9.3268 3.294 2.3227 1.7803 -1.442 -1.2253 3.3506 2.7925 -1.6349 4.3838 -0.87852 -1.2976 -1.3051 2.2035 -0.063818
26.643 -11.53 2.2162 -1.8529 -1.7748 -2.7596 2.2173 2.0589 0.63075 -0.70619 3.5043 0.48777 -1.3748 3.2155 1.7671 -3.303
29.757 -12.095 0.98102 -2.4424 1.1952 -6.9398 2.0632 6.4768 -0.10009 2.2819 0.18352 -1.2762 -2.8647 3.8619 2.3717 2.2458
30.074 -8.6437 0.932 -0.80792 -0.04745 -1.0524 2.3154 2.7384 3.0947 -0.67635 2.3019 0.3395 -1.0038 -2.1212 3.0734 1.6973
27.884 -11.141 2.86 2.3244 2.3433 -2.5406 -1.3681 2.4646 3.4792 0.70578 3.3695 -1.6491 -0.080837 2.7695 0.63964 -0.088373
35.507 -8.5454 2.6714 3.8633 2.0686 -1.5738 1.2504 3.3987 2.8802 1.5671 5.1241 -0.32223 -3.269 0.67239 1.9873 -0.11116
32.35 -8.4564 2.1689 4.5057 1.6637 -2.0898 -1.104 4.7518 4.1133 0.12268 1.004 -0.19177 -3.3189 -0.27491 2.0032 -0.25008
28.89 -5.9173 2.4763 -0.82334 2.3329 -3.7103 -1.5991 5.8885 5.3679 -0.26688 3.2326 0.60863 -4.3405 0.32379 1.5922 -0.56914
29.303 -9.2404 6.1663 2.5041 2.185 -3.0963 0.9241 3.7069 2.2761 0.01459 4.2383 -0.40603 -1.8125 2.1043 2.1373 0.94104
29.409 -8.0244 5.2047 3.9685 2.1238 -4.8029 -0.90915 4.0143 2.8999 -0.64809 1.0804 -3.1537 -1.1053 -0.14628 -0.18238 -0.18719
32.757 -8.9637 4.9692 -0.074666 0.067331 0.28152 -0.77119 0.06199 2.8091 -0.43751 3.907 1.0614 0.60531 -0.36833 1.1047 -0.023651
27.625 -8.0011 6.0718 4.6603 3.0603 -2.9901 -0.47981 1.8326 2.6027 0.88325 0.33029 -1.9856 -0.2733 -1.6743 3.6475 2.2408
27.538 -7.2098 -0.62724 -1.7266 -0.31505 -1.1652 0.57581 1.8769 2.5443 3.0077 1.8304 -0.0084819 -1.2056 1.0338 5.208 -0.64694
29.486 -8.314 1.9773 -0.23929 -2.1613 -3.7132 -1.1944 2.5553 2.7612 0.79875 3.7015 -0.63055 0.96621 -1.3961 2.0489 1.29
30.191 -8.675 3.4709 0.82922 -2.2913 -3.0696 2.7113 3.4927 3.7248 1.1493 2.8613 -2.0513 -1.456 0.42741 5.2859 2.787
28.901 -10.939 0.79739 4.4851 2.2382 -2.8227 -1.0211 5.3134 3.3942 0.87955 4.2375 -2.6292 0.20811 1.6459 3.7658 1.6631
35.072 -8.6407 5.0346 1.5069 0.37001 2.1637 -1.3439 2.222 2.4585 -0.46128 1.2112 -0.13927 -1.4076 -0.312 0.8544 0.50709
32.766 -9.3609 -0.15219 -0.50669 2.2377 -1.8772 1.2974 2.0674 4.2413 0.90757 2.8701 -1.0913 -0.82925 -0.77654 3.4622 0.040139
30.044 -11.068 4.2617 -0.77905 -0.88952 -3.2069 -0.50102 2.6711 3.3092 2.2625 2.7855 -1.1701 -2.0403 -0.20383 2.0452 0.7988
26.459 -10.066 5.1164 1.8906 3.0524 -4.6005 1.1766 2.1333 1.3277 0.14474 2.6885 -4.1141 -2.3443 1.8078 2.9994 0.74667
25.541 -8.9904 1.8271 -1.86 1.9108 -1.7351 -0.32564 3.5209 3.7954 0.622 2.709 -0.51341 -1.5354 -1.3897 1.4782 -0.47996
31.028 -11.031 3.4543 0.13399 1.5466 -2.2192 2.852 4.3183 3.5024 1.5498 0.64019 -0.69082 -4.8102 1.4338 0.71389 -0.59812
27.497 -11.76 2.2655 -0.89398 -0.17485 -4.0132 -0.72921 0.059973 7.2731 2.47 1.4074 -0.52439 0.6099 2.2205 0.57264 0.63928
28.127 -5.8443 3.6458 -0.78525 2.8794 -1.6679 -1.4198 0.29903 4.3342 1.5207 2.4565 1.0789 -0.4379 -1.2454 3.7746 1.2682
29.855 -9.0393 4.3024 1.4822 1.5624 -2.8315 -0.60656 2.7115 1.8284 1.3562 1.464 -0.27915 -1.3854 1.3378 0.94372 0.29261
31.047 -9.5053 4.5825 1.8481 -0.51317 -4.1495 -0.56442 3.6311 5.401 -0.78945 -0.23155 -0.47089 -0.49713 0.63855 1.7967 1.8133
33.435 -8.8153 4.3893 1.2584 1.5136 -1.1936 0.74737 2.5788 2.047 1.5526 1.1489 -0.14193 -2.0811 1.3504 0.53829 -0.54435
24.868 -17.266 -2.8086 -5.0335 3.1442 -3.125 2.386 2.8839 1.6597 3.2813 2.4094 -3.3851 -2.7618 1.6583 2.3145 1.2506
37.122 -9.4347 2.7529 -5.2459 -0.52684 -4.53 -0.92886 4.822 2.6142 1.6204 2.3211 0.70274 -2.1263 -1.2201 0.96771 2.7488
32.402 -12.022 0.22746 -0.77203 0.46667 -0.91439 -2.038 3.4625 2.8115 1.4881 2.0736 0.95906 -2.0831 -1.6865 2.0217 1.0448
35.493 -6.3082 4.8123 -0.60655 1.6709 -0.15907 -0.36153 4.8457 4.9388 0.76798 2.3256 -0.6551 -1.412 -1.2143 1.3233 1.8552
27.518 -13.533 -0.66708 1.7543 2.3232 -2.5634 -1.7618 5.6892 5.6369 2.1692 2.5095 -0.25436 1.7199 0.83459 2.9578 1.376
22.414 -17.787 1.1195 0.012895 -0.19837 -3.4366 2.452 3.3967 4.4916 -0.28651 2.4229 1.9763 -0.17901 -2.3487 2.9404 1.2222
35.458 -12.114 0.63426 -0.050663 3.066 -1.7064 -0.8161 3.7184 5.7402 -0.82541 2.7233 -2.2898 -3.6632 -0.30177 1.3846 0.68087
33.495 -8.9656 4.0138 -0.53093 -1.8713 -2.7129 0.29889 2.7855 4.1447 2.5724 4.9249 -3.0653 -3.0575 0.20979 1.5175 0.14751
33.145 -10.522 2.8277 -0.73117 0.97547 -1.8757 -1.2558 3.606 4.3639 3.1309 3.8794 0.61514 -0.97875 0.52048 2.0396 -1.7933
34.908 -8.9373 1.8654 0.37319 1.7136 -0.54262 1.1648 2.357 5.3283 -0.53887 2.2479 -0.023179 -1.9518 -2.846 2.2175 -0.4325
25.172 -15.034 4.7043 0.034759 -0.46784 -1.3204 -0.94072 2.8047 5.6902 2.4751 4.0354 -0.29584 -4.578 -0.53875 2.0392 -0.13928
31.816 -6.9624 2.5704 -1.1371 -0.25597 -2.7574 -1.511 -0.62122 7.1616 1.4958 4.0457 -1.0459 -2.4696 -0.56554 1.7416 0.70017
28.724 -7.2735 1.0884 -0.85583 0.98898 -2.7415 1.0682 3.3105 2.0102 -1.3124 2.9422 -0.13612 -2.03 -0.16867 2.2164 0.9849
29.732 -13.56 -0.32483 1.0504 3.7356 -2.9436 2.2921 2.155 6.0969 1.9104 3.3805 -1.5975 -5.9234 1.6822 1.3397 0.86452
31.224 -10.125 -0.43564 0.45248 0.61276 -3.4864 -0.7379 4.7787 4.2719 0.82951 3.8535 -1.5056 -2.0761 0.29781 4.565 1.8159
31.976 -7.7821 2.0385 2.4364 1.0019 0.15733 1.3975 1.5304 4.806 1.4741 3.5394 -0.8451 -0.46613 1.3018 2.6324 2.5276
35.739 -8.1387 0.78695 0.012828 0.59629 -2.1855 -0.96376 3.8075 3.2162 0.637 3.0543 0.37548 -2.8924 0.631 -1.4771 -0.76027
31.266 -10.173 -1.1726 -3.0007 2.6451 -3.0964 -0.78703 6.4584 2.9913 1.1678 0.8629 0.64576 -1.9493 -2.0044 0.52819 0.72993
27.691 -12.916 -1.1967 -0.94885 -3.5236 -6.0694 2.2886 0.96605 3.2111 0.2389 1.3821 -1.0623 -2.138 -1.5559 3.9626 2.1948
34.935 -6.8529 5.7723 3.3452 -1.4768 -2.7864 -0.27871 3.2291 5.6216 0.52215 3.0442 -2.4111 -2.0547 -0.17002 3.1463 -0.37687
28.233 -6.807 -0.070605 -0.66109 4.3687 -0.12053 4.1822 4.0106 6.343 1.4984 1.181 -1.6644 -0.83363 0.69687 3.7461 -0.015403
26.142 -12.679 6.3204 1.8432 2.4619 -3.0077 0.90239 4.1214 1.3858 1.0718 0.76608 -1.6449 -2.5863 -2.7168 2.4383 -3.8408
33.155 -13.286 -1.5148 -1.4761 -0.59457 0.31551 0.56837 2.6936 5.5454 0.22222 6.1063 -0.60317 -2.8734 0.58218 1.6178 0.030351
32.308 -11.303 4.3381 -4.0149 -0.48693 -0.85031 -2.1659 3.3291 2.7498 1.1753 4.1252 2.4065 -2.4942 0.20371 0.17449 0.15048
26.253 -10.238 -0.012124 3.62 3.1187 -2.0025 -0.34846 2.5261 6.174 2.5905 3.9001 -6.1028 -2.7493 0.87365 -0.39706 2.3836
32.618 -10.417 3.3276 0.4613 -0.38934 -2.8936 0.25558 2.1296 2.6881 2.5623 3.5446 0.89832 -2.8395 -1.1117 0.4622 0.721
35.563 -7.1659 5.9744 -0.70219 -0.84926 -0.84814 -3.7494 4.3697 3.4612 1.019 1.4115 -0.88119 -1.6184 2.9286 3.7423 2.5835
31.362 -7.5598 3.2091 -0.37884 3.1705 -1.4449 0.76501 3.2564 4.1424 -1.7148 2.0866 1.165 -2.0613 1.3093 3.4454 0.9309
31.798 -8.4652 1.4295 0.45095 -1.0305 -2.9278 1.0071 2.0521 2.5435 1.6078 1.3096 -0.7327 -3.1921 -1.456 2.7754 0.14737
35.914 -10.088 0.65643 -0.21036 -0.42008 -3.39 -0.4222 2.7194 2.8811 -0.085887 3.1003 0.79199 -2.1101 -2.2862 1.1798 0.31925
34.078 -8.3416 1.9502 1.1325 0.64137 -1.5284 1.3577 3.1396 2.5601 1.6045 3.0716 -0.11985 -1.0639 0.24145 2.5266 1.2838
30.773 -12.799 2.4213 2.2847 0.80023 -3.4492 3.2252 2.7057 2.5238 2.4247 3.4212 -1.6126 0.16541 -0.54009 1.3717 0.89274
31.766 -11.701 -1.2204 0.9944 2.3069 -1.1999 -2.3732 3.8678 6.1131 1.1781 2.4574 -1.0179 -2.4514 -1.7649 0.077991 -0.41153
35.632 -7.7326 -4.1467 0.094168 -2.0058 -3.4226 -1.3002 2.4331 2.0056 2.0524 3.434 -1.8869 -2.5748 -1.7761 3.4147 4.4414
35.592 -8.8743 3.6609 3.3332 0.94184 -2.9636 -1.3297 5.4031 5.922 1.0549 3.6157 -3.8981 -0.67306 1.2587 2.6192 2.0258
35.007 -7.4102 2.7528 6.3403 0.66858 -1.0966 0.82644 1.3464 4.7757 2.7606 4.2413 -1.3955 -1.3889 -0.27614 0.943 -1.459
32.595 -8.14 1.2885 2.0771 0.67724 -3.3687 0.030109 1.4314 2.4322 2.1593 2.4837 0.37707 0.99495 0.97148 1.2208 1.5416
31.023 -8.6204 4.1349 0.33557 0.17219 -4.7105 0.72588 2.655 5.0482 1.464 2.5941 -0.72552 -5.3704 -1.9792 1.2972 0.37749
35.749 -11.076 2.1764 3.5996 2.3907 -1.8393 2.3837 2.6262 3.9521 0.56751 6.4384 -0.44825 0.17928 0.14734 1.8488 -1.2726
33.474 -7.2881 1.592 0.99968 1.7529 -2.4706 -0.19769 3.9153 5.2382 2.0623 2.5969 0.36988 -2.8566 -2.7149 2.4193 1.7624
33.735 -6.611 0.91278 2.4216 -1.1626 -2.208 1.5206 6.5314 2.4942 0.83103 2.3667 1.1273 -3.2718 0.88186 0.54123 -0.77484
33.824 -7.6867 0.8634 -0.31995 1.3285 -3.9302 2.4317 6.5213 3.696 -0.0026454 4.8516 -0.32321 -3.889 0.37761 0.74589 1.3261
36.171 -9.4942 1.191 -1.3979 0.39326 -3.0947 -1.5233 2.7703 3.8217 0.47774 1.7263 -0.16547 -1.1071 0.44609 2.2398 0.92632
33.163 -10.169 3.9045 0.85446 0.83397 -2.8352 -0.25716 1.7672 3.6328 -0.6934 0.78068 0.07138 -1.0411 -0.56043 2.8706 1.5679
35.902 -8.4713 3.8361 3.2626 2.7135 -0.372 2.1314 4.1925 2.7317 0.13267 3.1358 1.3247 -2.976 -1.3393 0.78109 0.093842
33.701 -9.5925 1.1517 -1.8614 1.6064 -4.7769 0.52288 4.8477 1.7147 -0.4043 2.9916 1.1492 -4.3707 -0.48392 1.4432 1.4689
32.868 -8.3264 2.8576 4.8425 0.21094 -1.1611 2.085 2.9066 3.7357 1.786 1.5646 2.4405 -2.0061 2.3558 1.2895 -0.66331
35.936 -11.697 4.5965 -2.5304 2.2191 -3.6135 -2.2994 5.5485 4.3992 -2.1091 -0.016262 0.46303 -1.633 -0.60692 2.0263 0.017345
30.43 -8.7326 1.7644 -1.2466 1.2033 -3.6674 -0.024126 2.8806 5.5979 0.5547 2.4227 3.8733 -3.2825 2.0699 0.79069 0.2368
31.828 -9.0561 2.3353 2.1131 1.0175 -1.9715 0.86363 1.2013 3.0173 -0.067393 5.0653 0.11651 -3.9341 0.91661 1.5073 1.2839
35.443 -8.2898 1.8066 1.7982 0.61068 -2.7502 0.28472 4.2144 5.3562 1.2648 3.5628 -1.0576 -1.1337 -0.19741 2.5427 -2.0309
31.44 -12.005 3.3562 0.99094 0.059246 -2.1734 3.5372 1.418 3.5662 1.0343 4.2282 0.82901 -1.0995 -0.63884 0.69542 1.1336
31.066 -12.032 2.7132 3.7892 0.97025 -2.9057 2.7544 2.3421 5.1687 1.2302 3.5643 1.0044 -1.3169 -0.12588 -0.52527 -0.45875
33.97 -9.327 1.0692 0.59117 1.7027 -4.6859 -1.1201 2.8062 4.2004 2.2743 3.3719 -1.2788 -0.304 0.073665 1.6355 0.58096
34.492 -11.071 4.3959 1.5749 0.64868 -1.1365 0.63677 2.9338 4.847 1.7255 2.7067 -0.46769 2.3598 -2.2348 1.3807 -0.49758
33.482 -9.3472 3.0176 3.6306 1.7205 -1.0177 1.0364 4.0656 4.6552 0.94841 1.8865 -2.0366 -0.48228 0.54667 2.9278 -0.98427
33.19 -11.268 5.0916 1.1979 1.1616 -2.4654 -0.94726 1.9861 4.1087 2.4952 2.518 -0.00033986 -2.735 1.4486 -0.58988 1.0112
32.348 -12.364 3.0641 2.9695 0.64559 -2.5243 0.53033 2.7033 4.9842 -0.32405 2.1802 -0.21676 -1.3908 0.13681 1.1798 3.2972
33.49 -15.405 -1.2656 1.7949 3.3025 -2.0735 1.8908 4.2093 3.7448 0.81996 4.9435 1.3707 -1.5981 4.0441 3.8414 -0.11553
29.597 -14.396 -0.4639 3.4677 4.0878 -2.7712 -1.3299 -0.18925 2.286 -3.6563 2.9456 2.5267 -6.0218 1.0394 2.1954 3.8679
31.11 -13.333 4.7904 1.1591 0.03642 -3.037 1.7225 2.3543 3.7758 1.3799 2.2963 -0.0717 -0.99542 0.92677 0.69817 -1.1159
27.571 -10.438 1.4677 0.79585 1.5057 -5.6814 -0.37149 1.4904 3.3658 -0.33607 1.3707 0.94906 -2.2376 0.72665 2.4359 1.2792
30.361 -7.1103 1.908 0.15007 -0.83291 -3.8941 -2.0559 6.5436 3.5143 -1.1762 2.7941 1.7427 -1.584 -0.75222 2.7008 2.3675
30.57 -9.0418 5.0486 1.67 1.4464 -0.58926 2.2504 2.4493 3.7607 -0.72422 1.5309 -0.063636 -0.54137 -0.88057 0.94185 2.0915
32.641 -8.2663 3.9463 4.8316 -0.26806 -1.8313 -1.7556 3.6573 3.5383 0.57361 1.9413 -2.1459 -3.3349 -2.1362 2.6393 -2.9378
22.088 -12.456 4.7415 -0.43118 2.0285 -0.51749 -0.418 1.8061 0.11092 0.41723 2.559 1.6702 -4.0583 -1.9495 1.7627 -0.26202
25.538 -8.0023 2.7445 -1.2141 0.73662 -1.4151 0.33187 4.682 1.8142 2.991 5.496 0.99559 -0.65094 0.18889 0.91524 1.9609
29.734 -9.7981 4.047 2.8646 4.6432 -2.7372 2.4063 2.0649 3.0266 -0.71302 5.1565 -2.7327 -1.7277 0.72137 0.23543 -0.03201
30.874 -9.9553 5.1235 4.5966 0.22003 -1.9913 3.6374 1.188 3.8216 0.079102 2.2593 -2.5717 -1.8353 0.87338 2.1563 2.5149
31.599 -9.4309 1.7732 -1.4162 0.90866 -3.1622 0.071874 2.1883 2.6868 1.587 3.8368 -2.1406 0.84667 -0.66611 2.0391 -0.21773
33.169 -8.492 1.9393 -3.0306 1.1042 -1.9441 -0.87524 1.7739 4.6877 3.3426 4.7246 -3.1383 -1.7299 1.4982 3.2426 0.37091
27.672 -12.392 2.3949 -2.1216 2.3757 -4.03 2.8587 2.5386 1.838 0.86366 3.9783 -1.6778 -4.1947 -0.88976 3.3836 1.7442
32.462 -11.89 0.39038 -1.5622 1.3213 -2.3615 0.47854 3.2611 3.728 1.6296 1.8696 -1.6787 -3.4073 0.62857 0.88244 1.896
34.039 -8.5702 2.7122 -2.2401 -0.4589 -2.7835 0.976 4.0618 3.912 0.25647 0.78077 2.1414 -1.4949 0.81992 2.4606 0.15873
34.881 -12.696 -0.97855 3.5293 2.1402 -1.2639 1.6417 4.6299 1.8834 4.9106 0.19409 0.31692 -0.57582 2.265 4.1942 2.1288
31.415 -11.807 -0.092705 1.7969 0.39075 1.0844 -4.0672 -1.5908 2.2415 -2.1154 1.2094 -1.9319 -5.3544 -0.2971 2.0579 2.1363
34.436 -10.284 1.1839 1.4809 1.8529 -0.71172 0.73067 3.4772 5.1902 -0.34725 4.1061 0.27919 -1.4009 -0.48548 0.82716 -0.18389
30.366 -12.311 1.2441 1.2051 -1.3307 -3.6158 0.60135 4.5017 4.2158 1.8221 3.3897 1.0365 -1.7146 -2.086 3.1023 2.0541
34.334 -7.4257 5.507 -0.077227 -0.29385 -4.2158 -0.40153 3.4592 4.2289 0.23295 1.6402 0.29414 -0.72608 -2.3631 2.0675 -1.7408
34.607 -12.107 4.9765 6.4647 4.1241 -0.94673 1.0398 3.7291 3.817 -0.7492 1.8837 0.80234 -3.527 -0.95837 1.2724 1.2168
31.353 -10.508 2.7314 2.4959 1.1651 -2.8157 2.8916 2.1763 5.0798 1.4103 2.3219 0.2767 -2.3242 0.29636 -1.1724 0.29067
28.076 -14.906 1.1851 0.46698 3.0338 -2.5707 1.7194 2.9465 5.1292 -2.1513 2.1575 -0.35424 -2.7312 0.56888 1.1306 1.6743
35.884 -9.5141 4.4404 0.34422 -0.26448 -4.5302 -0.70911 4.069 2.7881 -0.12032 3.6817 1.9738 1.0872 -1.4757 1.3072 0.72605
36.603 -8.605 3.572 -1.2136 -0.46545 -2.8249 -0.47126 4.8341 4.5134 0.78178 1.9578 -0.28696 0.64725 -2.7324 2.6382 -0.96422
37.551 -8.8912 3.0485 -0.27188 1.1808 -3.7417 0.29088 4.9748 4.6295 0.40153 2.5178 -0.67852 -0.88005 -2.5008 0.79418 0.84135
35.28 -10.226 0.16695 -1.0026 1.1108 -1.2634 0.67887 6.1494 3.9988 1.4782 -0.17393 -0.39933 -1.0454 0.47572 2.3901 -0.51049
36.226 -7.9124 3.1346 1.0697 0.85541 -0.60825 -0.45448 1.2282 4.5513 1.9891 5.1447 -0.0072099 0.17152 -0.75472 1.459 0.67671
36.053 -10.607 2.5031 -0.18657 -1.8838 -2.0957 0.080326 2.9665 3.3189 2.0448 0.42193 0.94796 -0.81136 -0.84449 2.7401 -0.67437
29.18 -8.9677 3.2677 -2.7517 -0.99587 -2.7385 -1.1818 2.5907 3.5828 1.1883 2.4208 2.1672 -0.74265 -0.93361 1.9811 0.10819
31.151 -12.209 0.79325 -0.13502 1.614 -2.3685 -1.2461 4.245 5.4472 -0.1291 3.9568 2.195 0.81153 -0.60746 1.6214 3.42
33.736 -10.592 2.8881 -0.98009 0.44727 -3.0738 -0.3119 2.5118 2.804 1.2968 4.6943 0.19796 -2.3753 0.63223 0.3925 0.65605
34.06 -7.9755 3.2828 0.90042 -1.1344 -3.2945 -0.92395 3.2022 5.444 1.6076 3.2546 -0.80854 -3.3132 -3.4413 2.2065 -0.78599
31.575 -8.1336 3.3917 1.3548 -0.64167 -4.1874 -0.96234 2.7915 5.8832 1.6647 3.1704 -2.1526 -2.7814 -0.93486 4.1229 -0.38327
30.132 -7.3838 0.23563 -1.8734 -0.063016 -3.39 0.83525 4.382 4.7863 0.75367 2.9483 0.43113 -2.0347 0.063933 1.707 1.7103
32.328 -7.602 -0.72821 1.9151 0.37364 -2.7519 -1.684 3.3204 5.7603 0.34195 1.8972 0.91617 -0.34356 0.12697 2.7067 -1.0174
32.39 -10.742 1.639 -3.0217 5.13 -4.523 0.83691 4.4943 7.4449 0.6333 1.8781 -0.95794 -1.0895 -0.57878 2.7937 -1.1378
30.691 -9.4833 5.1745 -0.79383 -2.4047 -5.2296 2.0422 2.0907 5.451 1.9929 1.7931 -1.8084 -1.8999 0.65774 1.8371 -0.90641
35.309 -9.9757 -0.36853 -0.38909 2.0283 -3.3406 -1.2357 2.1201 5.1582 0.94774 3.4738 -0.33552 -0.22808 -0.63581 0.88169 0.55319
32.422 -6.2184 2.6271 0.56845 -0.57441 -2.522 0.23501 1.6724 4.2073 2.0836 4.6226 1.0121 0.52768 -1.8815 1.0629 2.0324
33.097 -6.817 2.4042 -2.2076 -0.27757 -3.8605 1.58 4.0355 4.5756 2.0845 3.5003 1.0011 -1.1039 1.4167 2.0134 1.6673
35.459 -6.991 0.56032 -2.1831 -0.71817 -4.0291 -0.75446 3.6693 6.2594 -0.67148 2.1124 0.2341 -1.8047 -0.12619 1.5611 0.95652
34.578 -5.7388 2.5061 -1.7265 0.010034 -4.6161 0.21983 6.3642 5.1967 0.20796 3.3226 -1.4433 -0.81314 0.5473 0.037181 2.6551
36.101 -9.6065 3.9767 -1.9434 0.99914 -3.4842 -0.9072 2.7881 3.884 -0.49596 1.8639 1.0977 -1.0754 -0.83279 1.5868 0.13503
34.29 -6.2079 1.7453 0.8807 1.1802 -1.6583 0.76039 3.7088 5.4608 2.4833 4.8588 0.18981 -1.8176 1.6389 0.60164 0.46107
37.779 -9.2592 3.2196 -0.017249 -0.14767 -4.3909 -1.0485 4.1283 2.0001 0.8916 1.6536 1.3845 -3.3409 -0.9838 3.6556 -0.63864
35.426 -8.3122 -0.82205 -1.134 1.5906 -2.7143 -1.9639 1.9345 5.886 2.4533 3.9266 -0.089997 -1.4011 -0.28884 0.17365 0.16571
34.341 -9.4969 4.9524 -1.1364 -0.41573 -4.2012 1.7828 5.2788 6.0291 -1.634 3.5669 1.4775 -1.8337 -1.2836 0.2994 -0.74683
36.155 -9.7939 3.3652 3.987 0.63909 -3.8241 -0.93566 2.7171 5.5585 1.6125 3.5495 -0.013351 -0.242 -1.4197 3.0515 0.42439
32.048 -11.999 1.8321 0.45221 4.51 -3.0189 -0.67005 3.1484 1.8444 1.0515 5.6825 -0.79936 0.47388 0.73967 3.1694 0.67005
31.904 -13.75 3.8535 1.0154 1.2155 -3.944 1.8561 1.4042 3.7027 0.18429 2.7648 1.48 -4.5006 0.040592 2.3255 0.029914
29.533 -13.595 0.89016 0.81525 4.9117 -3.2876 -0.17142 1.335 5.49 0.7382 2.4547 0.97054 -1.233 -0.095394 2.6858 -1.0595
