38.167 -3.8839 3.3176 3.8185 0.089641 -2.2188 -3.6232 4.9113 4.3719 2.2964 2.7157 -1.0551 0.35457 -0.87951 2.2871 0.63111
30.264 -15.539 2.1825 1.3452 -1.4071 -0.58541 -0.29634 5.6042 6.9178 3.3232 3.1539 3.1214 -1.6124 -1.6063 3.5175 1.738
35.876 -8.539 5.4316 -1.1694 -0.11482 -1.0124 -0.18552 4.2747 1.5308 -1.3102 3.1785 -1.7052 -1.3133 -1.9738 1.1159 -1.8859
39.888 -11.378 5.4781 2.4858 1.8004 -1.1022 -0.11504 4.7072 4.9729 1.869 3.6108 -1.4571 -1.3069 -0.46471 1.2951 1.4374
34.899 -15.288 6.1685 0.18083 3.7239 0.27997 0.12986 0.11414 3.9683 0.99252 0.79471 -0.89114 0.030788 -0.73049 1.2613 -0.073782
38.109 -10.642 4.4035 2.0433 1.857 -0.45487 1.9138 3.3303 2.7892 0.75555 4.0929 -0.96487 -1.3907 -0.52122 1.5747 1.6048
39.379 -13.979 3.119 2.781 2.6965 -2.157 -0.64054 3.5883 2.6483 0.55659 3.583 -1.4426 -2.8906 0.53457 1.1599 0.54959
38.787 -11.598 3.3954 2.4223 -2.4672 -0.65721 2.6539 0.51842 5.4584 1.6883 3.5151 -1.8812 -1.5742 0.12558 0.30771 0.061753
37.95 -10.693 3.8772 2.6786 -4.2445 -1.8312 1.0593 2.119 1.7462 -0.61612 3.2028 -1.1625 -1.9334 -0.45224 2.6772 0.51751
34.777 -12.054 4.88 3.1471 1.7305 -1.2912 -0.5872 0.86751 4.7177 -2.2701 2.265 0.59487 -1.5066 1.6366 2.0126 -0.14805
38.868 -11.496 7.0895 1.4716 -0.16513 -3.8762 0.49411 4.4001 4.0889 1.3505 1.0672 -0.6505 -1.2973 1.214 0.20683 0.65508
35.174 -12.137 5.4059 2.1597 -4.8857 -1.7509 2.2084 0.0050618 3.3334 1.2306 1.4806 -0.54823 -2.5397 0.0085708 -0.54976 -0.028714
38.183 -11.819 6.7032 3.1456 0.86723 -3.7714 -1.1706 3.9241 3.1477 1.8236 4.1893 -0.1658 -1.1147 2.0197 1.4275 0.74259
32.345 -12.344 6.6764 -1.6698 -1.8009 -0.13737 2.0175 1.6452 2.6888 0.31988 3.9865 0.28947 0.39839 -0.31337 1.1508 2.0016
34.7 -12.563 9.6608 0.25514 7.9371 -0.6835 -0.2131 2.0268 0.67246 1.1519 1.5459 -2.5268 1.3015 -2.2098 1.2452 -0.11201
36.205 -12.284 5.2071 0.23694 -2.1884 -1.7084 1.0682 4.9643 2.1536 -0.14989 0.072594 -1.9866 -1.6951 -0.4831 2.1078 -1.5773
35.312 -10.578 3.8727 1.0806 -1.9231 -1.8143 2.5413 0.69243 4.3943 1.3175 2.6424 -0.76721 -2.6885 1.411 -0.8119 1.6731
38.64 -12.313 6.1433 1.3331 2.3761 -2.4971 0.60823 2.7628 2.3339 0.26471 2.7572 -0.11069 -1.8658 -0.0018187 2.0998 1.4596
38.115 -9.3347 4.8345 1.6288 -0.37826 -0.59044 2.0625 2.8039 4.2474 -0.15826 4.4249 -0.85286 -2.6126 0.13682 1.0142 -0.77221
35.319 -11.213 6.077 -0.73739 1.9624 -1.4315 2.243 1.5269 2.3202 -0.91027 2.6036 -1.5422 -3.4447 -2.1715 1.7023 2.5517
37.519 -12.61 5.6907 -0.36626 -0.032263 -0.84844 3.4712 1.6063 5.036 0.53411 2.0395 -1.1837 -3.6381 -1.0034 1.3455 0.99551
36.611 -11.861 4.0046 2.8085 -0.28129 -1.7924 1.2437 3.6489 5.3717 1.1554 3.0943 0.16667 -4.4302 0.16439 1.1016 1.2711
22.746 -12.905 -2.4981 1.8946 -2.5424 -1.0519 0.93726 4.8632 5.5385 0.8623 5.8803 2.3999 -2.0072 -1.6527 3.1747 3.6444
33.262 -14.831 3.7646 -0.32838 1.5972 -0.48228 -1.389 2.5169 7.2786 -0.06246 5.3845 1.1304 -2.7872 -1.1755 0.62778 3.4901
29.034 -9.7607 8.0117 -0.41275 -0.17043 0.43491 1.208 5.2932 0.78559 -1.5971 3.291 0.12695 -1.2136 -3.3725 3.3538 0.59677
34.437 -17.612 5.5652 0.31941 0.20318 -1.606 -1.8217 5.914 2.9166 3.6657 3.2521 0.19577 -1.7028 0.59244 1.0962 0.10075
28.778 -16.612 -2.1976 4.1718 -4.8276 -4.658 -3.0971 3.6535 3.0243 1.1419 3.0772 0.12517 -0.82675 -3.5262 3.5933 -2.0481
32.373 -14.926 3.8555 2.2955 1.7845 -0.60694 -2.2017 4.4331 1.9165 -0.84525 6.0421 1.7 -3.8312 1.1166 4.5643 -1.2045
33.552 -11.527 5.2402 1.7586 1.0919 -1.0932 0.8979 4.102 3.5968 2.3716 2.7767 -0.51986 -3.2713 -1.2659 0.54285 1.2172
34.263 -16.596 -0.030637 3.1214 3.0854 -2.6619 -0.11051 2.3255 6.0179 0.68105 4.0211 0.79431 -2.6079 -1.3053 2.6552 0.78414
27.579 -14.569 0.94617 2.4287 2.0533 1.6189 4.6953 0.90136 3.425 -0.348 2.6218 3.0118 -2.8433 -1.295 1.7193 0.2955
25.563 -15.986 7.4755 -2.8947 1.476 -0.72439 1.4261 4.0953 5.0389 1.4925 1.4734 1.5713 -0.89666 -1.4743 2.2827 -2.7558
35.001 -12.441 7.2906 0.52612 1.9164 -1.3056 -1.0665 4.0737 2.654 0.94534 2.1772 2.096 -0.65408 2.3848 4.2438 -0.11756
35.935 -8.7291 5.4247 2.9683 1.3198 -1.4971 -2.9156 4.6675 4.3071 1.6479 3.1398 2.2179 -2.5485 1.5843 2.9946 2.8081
35.833 -13.797 8.2456 1.6497 1.1112 -1.4938 0.37939 3.3617 3.2002 1.2565 1.227 -0.29431 -2.0563 -0.39442 0.83818 2.4963
27.681 -18.557 0.86289 -2.6929 3.5723 -0.42662 0.78088 3.334 5.2494 3.4245 3.6539 0.71021 -3.7576 -1.8708 1.8232 0.3183
30.914 -10.129 5.9134 0.56473 3.255 -0.61914 0.32003 3.8435 -0.66666 3.7066 3.899 -1.3354 1.0544 -0.95203 2.03 -1.0785
23.246 -17.916 3.012 0.23246 0.48338 0.80182 -0.68268 4.5696 4.911 2.2824 1.2958 2.3556 -1.1042 -2.1247 3.1147 1.7274
21.377 -17.566 -4.2791 2.6624 -4.3761 -0.70134 -0.86237 3.6408 2.3457 1.7852 4.6626 -0.85193 -1.3915 -2.5794 -0.23694 -1.3785
32.055 -20.293 -1.3878 1.7497 5.0642 0.72962 0.46125 5.1388 4.8579 0.20158 2.1366 -0.070607 -2.6846 -1.5599 1.7809 0.8682
33.418 -15.606 7.3934 1.6236 0.31051 -2.1671 -1.9589 5.2379 3.6546 2.7078 4.329 1.7985 -2.0927 -0.55461 1.2235 -0.19114
32.865 -8.5121 2.8807 3.0569 0.3146 2.5731 -1.8739 2.5823 6.239 3.4755 0.94849 0.34058 -0.27945 -1.4106 2.1638 0.44922
39.258 -16.307 1.7867 1.3999 -0.053679 -3.2397 2.352 4.6982 4.9383 0.52658 2.7968 0.051642 -2.3004 0.16475 2.3553 -1.936
40.972 -15.711 2.4324 2.1267 2.1861 -2.4408 0.17894 4.4891 4.7195 0.30506 2.2792 -0.80297 -1.8973 -0.75213 2.9174 -1.2518
28.556 -12.227 4.8119 -0.061147 -1.038 -3.996 -5.0935 4.389 5.0208 4.0783 2.4439 1.6174 -2.719 0.24479 0.41662 -0.54605
35.826 -13.89 4.7799 1.4963 1.827 -1.9496 -2.7298 3.8568 6.336 3.6645 5.7033 0.39843 -3.3922 0.71096 4.0504 -1.2
29.684 -14.93 3.3531 1.9795 -1.5574 -0.63996 0.10082 6.4789 4.0678 1.7786 4.3248 0.68344 -4.8449 0.10531 3.301 1.1364
34.487 -11.018 5.2479 1.0496 1.2761 -1.5626 -0.68595 3.5045 4.0573 0.85212 3.6318 -1.1066 -3.1837 -1.6398 5.0277 1.6274
34.963 -11.655 7.4332 0.63978 0.40063 -1.6936 -1.612 4.7173 4.7286 3.1571 3.5853 -0.071939 -0.9147 0.57089 1.1614 0.64778
34.694 -17.25 3.7117 -1.1386 1.955 -3.2261 -1.3822 4.4824 3.5443 2.2399 3.1776 -0.10819 -1.3774 1.2881 1.7046 0.88162
34.294 -17.064 3.6497 3.4655 -0.091079 -3.5209 -0.90465 5.3059 4.3593 1.2685 4.2766 1.5859 -3.3944 -2.0816 1.295 0.56047
27.088 -10.823 5.23 1.9939 -1.1182 -0.86574 -1.8141 5.5173 4.8423 1.4052 3.3872 2.2894 -1.3291 -1.0256 2.853 0.29758
23.606 -17.522 7.3174 0.017656 3.0009 -2.8887 -2.3421 3.1478 4.1279 -1.7222 4.3929 1.6556 -1.4296 -0.57332 2.3668 1.1367
30.313 -12.494 7.6522 -0.18381 2.0222 0.2991 -0.9564 6.071 3.2572 1.6969 6.4914 -0.52487 -3.493 1.0637 2.8539 0.39265
30.393 -12.897 3.0483 2.9604 -2.745 -2.5313 -1.5798 4.572 4.8054 -1.806 6.4272 1.5434 -2.2521 -1.6171 2.8653 -0.12468
36.007 -14.042 3.3689 0.91006 0.28887 -1.2097 -0.76701 4.4496 4.5399 -0.41069 2.2242 -1.5896 -1.7101 -1.4895 2.7713 0.55486
29.025 -17.388 5.8623 2.3453 1.951 -2.5306 -0.71891 3.0147 5.0253 -0.68827 1.1648 0.91631 0.27077 -0.46932 3.2098 0.38301
34.393 -12.651 5.495 1.2227 0.80944 -2.793 -0.18483 6.6561 6.1218 1.6888 3.5596 0.36945 -5.1606 -3.3307 1.8564 -0.7714
34.571 -15.938 5.9116 -0.6145 1.3294 -3.0704 -1.3057 4.806 4.1319 2.7159 2.6992 1.1241 -1.1687 -0.9799 1.495 0.069866
34.122 -14.365 3.9037 1.3975 0.79204 -1.2601 -1.8516 5.7289 3.6565 2.7667 4.8704 -0.15723 -2.4792 -0.95535 1.0624 -0.23548
26.928 -19.161 3.5492 -0.62097 -0.08738 -3.8145 0.46239 5.8594 5.2247 -0.18827 4.8112 1.7599 -2.0835 -1.5208 5.2218 2.7987
22.837 -13.663 -1.9154 3.504 -2.5057 -0.67377 1.6465 5.8808 6.6923 1.2338 4.2678 1.3831 -0.91069 -2.1784 3.8623 1.3102
31.444 -12.26 3.3804 2.8428 -2.6246 -3.1866 -1.3822 4.3226 5.2738 -2.0994 5.6625 1.0191 -3.4986 -2.4405 2.7744 -0.55769
38.437 -10.335 2.7469 -0.78215 0.51752 -2.1499 -1.5887 3.7672 5.2195 1.0998 2.6761 -0.72607 -3.1248 -0.73385 1.9327 1.9144
36.226 -12.704 3.1431 3.7756 -2.9939 -1.5798 -1.828 4.2218 4.9736 6.0175 -0.63887 0.081364 -0.059788 -2.315 1.0371 3.3539
34.856 -16.45 3.9667 2.1301 -0.73755 -1.9507 0.11949 4.7916 2.7163 2.5192 1.9334 -0.23264 -2.0576 -1.4671 3.0976 -1.3247
36.769 -15.092 3.7621 0.041325 0.91103 -3.303 -1.5657 4.4365 3.1163 -0.60717 2.6196 2.6895 -2.2243 -0.44153 1.8781 0.87042
29.441 -12.003 8.3762 0.85285 3.7977 -3.1499 -2.2493 4.5626 3.8284 1.7056 2.6084 1.8394 -0.48512 -1.0044 2.6399 -0.070801
33.275 -15.982 6.4947 0.83793 -3.5116 -2.8969 -0.73233 3.2506 4.6152 0.81023 3.3704 0.29133 -3.6417 -0.68835 1.9424 1.3367
38.159 -16.017 1.8724 3.6864 -4.2228 -4.1781 1.5313 2.0532 4.3541 -0.14076 2.9582 0.94901 -3.3656 -1.4656 2.5254 1.1521
34.494 -15.928 9.8522 0.92972 -2.2099 -2.5466 1.3641 2.2413 3.9016 -0.31338 1.6063 0.034461 -1.3171 0.52051 2.2946 0.081957
34.972 -14.72 3.6614 -2.0182 -1.4231 -2.1705 2.1713 3.4988 4.3278 3.0322 5.1642 0.96275 -1.5993 -2.8241 1.1868 -0.49626
31.622 -9.4695 1.8298 2.8968 -3.0592 0.80172 -1.8564 3.5524 4.0329 2.033 3.1482 -0.75706 -2.016 -1.553 3.2994 0.80196
32.636 -13.576 5.2715 -0.66994 -2.7638 -0.93696 0.44783 2.5695 3.0281 0.78256 3.6252 -0.12433 -3.1005 -1.3216 1.7477 2.6616
28.311 -13.431 3.8078 0.46704 -4.9722 -2.2926 0.80363 3.4115 1.6315 -0.99198 2.5745 -0.073727 -1.0618 -2.7584 3.1439 -0.050502
31.865 -14.441 5.2776 0.19725 0.79074 -2.4484 4.8849 1.9636 5.742 0.72722 3.664 0.51771 -1.6131 -0.39404 3.4565 0.78614
28.452 -12.994 4.6727 1.8097 1.7252 0.11584 3.5048 5.8863 4.5423 0.8528 4.6454 0.49753 -2.8296 2.6826 0.030382 0.048079
30.348 -9.2772 -0.1477 -1.3903 -1.0428 1.998 0.11208 1.3447 5.6131 1.4383 3.6855 -1.2983 -2.5723 -0.43799 1.274 0.38967
34.256 -13.638 7.0552 0.95334 -1.2759 -1.5065 -1.5946 3.1514 7.0483 4.3685 2.9522 -1.1047 -4.7934 -0.57854 3.9591 2.9122
31.843 -17.446 5.7421 -3.4143 -2.2957 -0.56855 -3.4395 5.5957 3.8009 2.7177 2.3061 0.34841 -0.30325 0.47755 1.7071 3.5132
28.239 -12.612 13.397 -3.8142 -2.4067 -0.15293 -0.46163 0.31272 2.0581 -0.097394 0.26118 0.85412 -0.97988 -1.7757 1.5144 0.85747
32.924 -13.407 6.9199 0.71313 -2.9182 -2.1833 3.6793 3.1227 4.4231 -0.55603 3.7214 1.7986 -0.82934 -0.68201 0.62765 3.7434
37.408 -17.295 5.6007 1.2261 -2.6002 -2.8044 1.3467 2.7838 4.5099 0.39122 2.9073 0.3105 -1.615 -0.75512 2.5852 -0.68531
33.617 -13.19 5.5537 -0.0052767 -0.75395 -1.5974 1.2474 4.3163 4.3218 -0.076594 3.0764 1.8122 -1.6349 -0.15405 0.8934 0.6567
31.129 -8.3265 3.7044 2.3935 0.17341 -2.0917 -1.2544 4.747 4.917 1.2219 5.1771 -0.71745 -1.5936 0.97391 -0.30041 1.8448
31.416 -3.2566 4.2286 2.4867 -4.9179 -0.20948 -1.7073 3.8603 1.0309 1.2452 7.4107 -0.486 -3.4587 2.974 -3.4976 -0.023882
30.142 -12.764 4.0807 -0.34043 2.9909 -2.3745 1.4308 1.6757 4.6278 -1.5302 5.6288 -1.8839 -0.043099 -0.14211 1.4844 0.48896
27.147 -12.101 2.6827 1.2134 -0.67415 -0.84408 -1.3083 3.4524 8.1105 -1.09 5.2945 -0.1159 2.4439 1.5635 -1.5828 2.367
34.796 -18.093 7.4 1.4528 -2.6249 -2.8137 1.149 2.4149 4.1382 1.9425 3.3733 -0.68671 -1.6816 1.4449 1.2138 -0.22786
37.395 -14.237 7.5505 1.6791 -1.0571 -1.3133 -0.75651 3.544 3.929 1.8735 4.5063 1.3646 -1.7905 2.1074 2.897 1.3872
25.46 -9.3556 3.0685 3.2655 -5.1225 0.76008 0.52777 1.7883 4.1969 1.4617 3.6675 0.32548 -1.1166 -1.7048 1.0089 1.2717
34.178 -12.882 7.8624 -1.0677 1.0673 -2.327 1.8378 2.7481 5.9716 -1.0586 2.4391 -1.5515 -2.4672 -2.264 4.4151 0.54084
30.766 -12.308 5.1379 5.0857 -4.0587 -2.4747 -3.189 3.7517 2.3883 1.7498 3.0069 1.1927 -2.1411 1.7617 0.86795 0.61601
42.344 -15.188 3.6924 2.537 -0.15177 -1.289 0.81139 3.8188 5.3285 1.6863 3.4325 -1.9358 -2.5991 0.13708 2.6965 1.4049
29.98 -12.961 2.0433 0.29688 -3.4879 -2.1341 2.1349 3.1998 4.3027 2.2058 5.0393 -1.294 -0.85898 0.85825 3.9669 -0.89598
30.205 -16.905 -0.96826 2.9646 0.35536 2.4708 -1.89 5.9674 3.3002 1.7752 3.9686 0.63431 -2.0013 -1.3075 1.5107 -1.3918
40.188 -9.7772 6.4262 1.8276 3.2968 -1.2905 -1.2731 4.0576 3.156 0.92646 3.3893 -0.86331 -0.64536 0.87004 0.038525 0.69301
41.204 -15.23 4.1785 0.74355 0.3888 -3.8084 -0.70229 3.1613 3.1403 0.30157 3.1124 0.90687 -2.2154 0.47754 2.176 1.6494
36.527 -16.473 1.6054 2.7339 2.0553 -0.089583 0.45629 3.8194 2.1001 0.39799 1.9929 1.2675 -0.57891 1.2534 2.2469 2.3879
31.149 -17.964 3.8989 1.2501 -2.7858 -4.0461 2.6288 2.1897 6.0526 -0.97875 0.98704 -0.33537 0.63443 -0.2262 2.9364 0.32561
43.303 -9.4326 2.9331 2.9568 0.56638 -0.8086 1.8496 3.8009 3.6652 1.6366 3.4173 0.33119 -2.4568 0.51151 2.3704 0.57514
40.418 -12.256 2.5835 2.8847 2.0099 0.084267 0.41955 3.6727 2.7744 -0.94722 1.6123 -0.7551 -1.2001 0.49803 0.5071 0.15402
41.346 -13.354 2.4648 5.1184 0.28132 -3.5275 1.0716 4.2006 2.3898 0.91991 -0.41427 -1.5348 -3.0751 -1.1451 1.6405 0.075905
36.916 -10.438 5.4502 -3.6629 2.0186 -2.8681 -0.21624 4.7257 2.8851 -0.090604 2.2047 0.91841 -0.33875 -0.95722 1.9412 2.4625
42.998 -12.486 6.3552 -0.024557 2.8613 -1.9861 -0.20553 2.2644 5.0237 1.6074 2.9167 -2.2363 -1.6465 -1.4694 3.222 -1.1322
36.162 -15.037 7.1651 -1.3474 -1.3262 -2.1668 -1.5408 4.8997 2.5117 2.6614 2.0634 0.64443 -3.275 0.26097 -0.11288 1.4865
32.832 -10.151 7.6154 -0.68017 0.10858 -0.88739 1.9237 0.71117 5.7691 2.267 2.8765 2.9928 -2.0779 -0.71437 0.78008 0.99465
27.742 -6.0737 1.9424 0.34966 -1.9235 1.4974 0.15277 6.8253 6.8522 4.5242 6.4596 1.8872 -4.3906 -1.6482 4.6107 0.83208
35.532 -7.863 0.019539 5.1591 0.24165 -2.0197 1.0012 4.5276 5.1765 -0.11088 2.7327 3.0987 -3.179 -2.9782 4.411 2.1856
30.893 -11.131 2.9315 0.82248 1.271 0.58582 2.7794 2.7952 3.8474 1.0746 3.9278 0.73581 -1.4687 0.50008 3.0687 0.36794
33.896 -14.542 3.7293 -1.3023 3.4394 -1.7331 0.94297 1.7732 5.584 0.058599 2.0697 0.21606 -2.3029 -0.33251 1.3393 0.71784
41.982 -12.718 4.2738 0.95165 3.5916 -0.24247 0.50587 3.6917 4.4873 0.36654 1.7851 -1.3438 -1.4647 -0.53738 2.93 0.90123
34.673 -15.136 3.7666 -2.4599 2.47 -0.93778 1.9198 3.1531 3.8201 -0.09799 3.0528 0.43531 -2.0426 -0.53899 3.1359 0.20891
33.373 -13.831 4.8932 -1.3569 2.6371 -2.5164 1.7343 3.2933 2.4982 -0.10331 4.477 0.11668 -0.59863 -1.3618 3.9407 0.93242
30.322 -16.816 5.163 1.5067 -3.8886 -0.96989 0.12932 2.0666 4.493 -0.81485 3.3846 -0.36004 -1.7243 0.052477 2.4836 0.70996
35.377 -12.58 2.6307 -0.38289 3.7773 1.6788 2.4562 3.2311 5.3306 0.65279 1.937 0.30333 -3.7705 1.6102 3.9726 1.3802
33.676 -9.4757 2.693 3.2975 -0.98562 -0.85916 3.8523 4.7481 5.7783 1.5469 2.8464 2.4648 -2.1919 1.279 -0.018096 0.51195
33.849 -12.735 5.2552 -1.3229 2.4611 -0.58389 0.63517 3.0046 4.7219 1.914 2.7118 0.52732 -2.6346 -0.87181 2.5045 1.4765
30.98 -12.199 7.5898 -1.2965 3.1305 -1.4396 -2.0601 2.8909 3.7985 2.0382 4.3797 0.79564 -0.72993 -0.45263 1.3037 3.2892
32.65 -13.848 3.947 1.996 -2.1986 0.71655 0.3739 0.6908 3.9045 0.9882 2.4282 1.7372 -0.61851 -1.3803 2.9387 -0.99718
36.599 -15.504 10.831 0.18971 -0.28 -0.9386 -2.0592 4.3635 4.141 2.8711 2.7713 -0.63919 -0.71685 0.73469 2.6673 2.0598
32.136 -13.215 5.3043 -1.5455 2.2683 0.98184 2.1123 1.9893 5.2459 2.7958 2.9883 1.6008 -2.7244 0.67677 1.104 1.3132
26.639 -14.113 6.5115 -0.39521 -1.0825 -1.5153 -0.83224 4.0273 1.5299 1.9008 -0.35756 0.97026 -1.3996 1.9549 0.20173 -0.080503
29.799 -20.433 5.1911 0.12856 -5.9441 -0.58603 -0.10939 5.0877 4.3835 0.68282 2.8524 0.30587 -2.1361 -1.2959 2.0225 -0.19955
26.856 -11.487 7.017 -1.2012 3.5468 0.93127 -1.5368 1.2975 0.66334 1.3987 1.1879 0.12129 1.0477 -0.90718 2.5785 0.033523
34.742 -12.064 8.8763 2.8148 0.23886 1.7707 -1.4521 3.6578 4.4068 1.3386 2.8328 0.79911 -1.0099 0.58787 0.32361 1.8375
26.82 -24.833 -1.7157 3.6199 -2.3101 -2.3132 3.5639 1.1051 3.0543 0.52786 1.5003 -0.56497 -2.5197 -1.5787 1.9086 0.71377
30.478 -9.9505 4.4629 -3.2769 1.6213 -0.45988 -3.4256 4.7506 2.7755 -0.2134 1.0167 0.76292 -0.75301 -1.2401 0.14255 -0.48626
31.182 -13.117 6.7406 -2.2197 0.93346 -0.35499 -0.28192 3.5532 8.3714 2.1796 2.4863 0.51299 -1.8677 -2.9841 4.418 -1.5213
29.546 -15.238 7.7974 1.5457 0.94759 -0.83066 -1.2092 4.7959 4.44 -1.3108 4.3174 0.23694 -3.3377 -0.37949 5.0823 0.40428
35.007 -8.1982 4.7457 3.1825 1.0561 0.3722 -1.5579 2.2082 4.1288 3.6597 3.363 0.82006 -4.305 -0.39842 3.6097 -1.165
35.753 -10.297 6.6317 2.9312 1.5947 1.2964 0.73211 5.7706 7.0323 0.88519 2.0068 1.085 -0.43579 -1.7471 1.6269 0.19179
34.851 -18.743 4.0946 -0.090297 -0.54951 -3.2263 -2.2775 2.753 3.699 -0.57804 2.6298 0.26009 -3.2343 -1.26 -0.19948 0.6594
39.27 -12.894 6.7452 -0.10377 1.255 -0.11687 -0.89377 4.2247 4.1577 1.5939 4.5243 -0.39637 -1.1241 0.44844 2.2309 -0.7868
36.091 -14.065 6.1035 1.7323 0.29775 -2.3105 -1.2701 2.6136 4.13 3.145 4.4325 0.32439 -2.157 -1.9221 0.51303 0.43832
35.358 -15.687 3.0172 1.3181 -3.0503 -2.3985 -2.2703 4.8126 4.1716 1.8959 5.6564 -0.53572 -0.22845 -1.4534 2.0348 0.017773
34.424 -7.0778 7.2621 5.5767 1.8118 -1.4811 -0.049659 3.5506 4.0023 4.3215 4.1355 0.29457 -2.0861 -0.29734 -0.7266 -0.008685
35.933 -12.133 7.8005 2.1693 1.2524 -1.254 -0.49387 4.9561 4.4339 0.49693 3.8269 -0.36185 -0.29231 -1.1316 2.0877 1.971
30.39 -13.47 2.8953 -4.2113 -1.963 -2.4062 -0.052704 3.0648 4.7381 -1.2736 3.601 0.094988 -0.53844 1.467 3.6194 -0.17724
34.12 -10.021 2.7847 1.5084 0.79159 -0.48318 1.1996 2.7713 5.5178 0.24446 5.3057 0.94111 -2.3339 -0.94251 1.0332 3.0654
33.999 -14.485 6.2599 0.0013053 0.78721 -1.9683 3.2579 3.3267 2.5959 -0.073151 2.637 -0.66308 -0.7327 -1.4995 2.83 -0.016568
40.981 -10.52 1.6677 -2.8215 -0.034674 -1.1747 -0.68542 0.76007 2.2148 3.5333 4.1102 -1.694 -2.8732 -0.49982 2.7109 0.60565
30.665 -10.402 4.4041 -2.1744 -2.3563 -1.8341 0.076543 4.214 5.4975 4.6924 1.8025 2.2188 -1.6381 -1.9134 3.2661 1.7162
34.512 -13.374 4.7194 1.6571 0.57027 -2.2511 -0.25976 4.4415 5.0428 1.7452 4.4193 0.68583 -3.1867 -0.071954 3.3599 0.31645
34.494 -15.622 6.7247 1.3129 -2.448 -5.8711 0.71337 0.96838 3.8021 1.6465 4.1436 -1.9666 -2.5932 0.87351 3.2273 -1.8281
33.59 -13.284 3.2579 3.1636 -0.043441 -1.0915 0.084236 3.8171 3 -1.9296 3.002 1.1555 -1.3517 0.23427 -0.15074 0.65618
30.836 -8.3805 1.7544 4.1288 -0.66222 0.8378 2.1755 5.2806 2.6573 0.38101 5.3842 -0.92894 -0.90005 -0.80847 3.082 -1.5568
34.82 -11.163 2.1647 3.2716 -0.57362 -1.0526 0.73061 3.801 2.8249 2.4661 4.4831 0.84065 -2.0754 -1.1848 4.0958 2.1516
33.124 -13.215 5.4465 1.2924 1.5795 -1.5849 1.7369 4.1081 2.417 0.68863 2.169 0.14604 0.021072 -2.1452 3.2207 1.5092
33.641 -15.746 6.6909 0.35072 3.0364 -5.0805 -2.3245 2.5441 2.8568 2.3969 3.3776 0.53192 -2.5091 -2.0951 0.50962 0.2714
34.694 -10.151 3.3905 -2.2701 1.0877 -2.2661 0.12788 3.3612 4.6643 2.5756 3.2785 0.24188 -2.7303 -0.60156 -0.02173 -0.41047
32.431 -10.182 2.7874 0.39234 4.3036 -0.53654 1.7908 5.3842 3.9065 1.198 2.9259 -0.57363 0.11032 -2.5777 2.537 0.9094
33.711 -17.677 1.2336 0.76552 5.2745 -1.908 -2.1731 5.5456 4.9045 3.005 2.3858 -0.82339 -0.95843 1.3999 1.4382 0.32211
31.417 -17.762 -0.58291 1.5898 0.34786 0.90172 0.50345 4.8789 4.0562 3.7071 1.5029 -0.025636 -0.43852 -0.055745 4.0597 -1.4931
38.457 -14.261 4.0269 1.3776 2.0025 -2.2623 0.17458 3.6665 3.4248 2.6559 2.6835 -1.2642 -2.2291 -2.3744 1.1443 0.51236
35.651 -16.134 3.4144 1.6947 0.085168 -1.5186 1.3442 3.1219 3.6198 2.824 5.7184 -1.3102 -2.3945 -2.0613 2.8617 -0.54556
34.229 -18.726 1.3617 -0.063165 1.1493 -3.4498 0.34739 3.0504 5.5435 -0.21259 1.3358 1.3675 -2.2678 -1.5478 2.1905 1.2228
36.853 -14.182 6.7736 1.4909 0.41813 -2.9829 -0.93352 2.6372 4.0536 1.0625 2.6719 1.6763 -2.575 -0.72233 1.0251 0.80516
31.166 -12.787 6.3638 0.31477 1.8025 0.18942 -1.1416 3.0638 5.2204 -0.16748 5.8488 1.7259 -2.6986 0.28443 4.987 0.12685
32.232 -7.1153 9.5902 1.8904 1.3234 -1.8331 1.8748 2.4191 3.9591 -1.5652 5.6153 0.78589 -2.7823 -0.10234 3.5374 0.89898
28.91 -14.63 5.9269 0.87233 -0.026608 -1.6678 0.94079 3.5488 4.9799 2.7029 4.4071 1.7802 -3.1002 0.91124 3.8295 -1.2416
34.545 -13.258 6.563 -0.51251 0.55105 -2.7648 2.144 4.1621 6.4594 0.75218 2.2143 -1.0698 -3.2854 -0.53402 1.1985 2.3544
36.332 -14.821 0.26906 0.87235 2.1395 -0.23743 0.56283 4.443 4.0175 -0.37244 3.6594 0.087453 -1.3405 -0.43538 0.35508 -0.84417
30.506 -15.096 6.8237 -2.8052 2.3245 -1.1365 -0.41255 3.7855 5.6454 -0.21193 3.0744 -0.77086 -0.88209 -1.2488 0.92398 1.0379
31.034 -14.741 2.1773 -0.92467 0.50308 0.31798 0.38573 4.5454 3.7371 3.5323 4.0306 1.4845 -0.32077 1.0506 3.5155 -1.3268
24.434 -8.7895 4.5688 -2.1702 -0.59737 1.3812 -0.69782 2.7295 7.1772 1.1884 2.8603 0.1266 -2.3665 -3.905 4.4626 1.8757
31.561 -13.979 6.9999 0.74528 0.32949 -4.1511 -1.4081 5.1583 3.6165 0.68619 4.2056 -1.9583 -2.214 -1.0424 1.542 0.062401
34.305 -13.309 1.9581 1.4677 0.40456 -2.262 1.0995 2.9165 4.346 1.1574 3.1138 0.80848 -3.6579 -0.24014 2.5581 0.024487
30.512 -11.012 5.7064 0.90863 -1.0516 -0.27231 -0.88333 5.0916 4.9119 2.17 5.2043 1.0083 -0.54335 -0.66406 3.2934 0.039062
35.938 -19.064 4.0754 1.8566 -1.9071 -0.014508 -0.19831 4.1308 4.6343 1.8555 4.0604 0.40372 -2.0485 -0.9642 1.9775 0.39121
31.195 -16.208 -1.0758 -0.079607 -2.9749 -3.023 -2.5836 1.229 -2.1228 -0.55193 5.5281 -1.2931 -1.733 0.80221 1.3033 0.49665
31.793 -11.448 4.8086 3.3354 2.6213 2.4567 -0.35623 3.8455 0.93464 -0.56622 1.6201 -1.6015 -1.5449 -1.1593 4.4412 0.74037
33.842 -7.2431 1.3194 5.6998 -3.3731 1.4191 1.8473 5.2347 8.3169 1.0532 -1.8434 1.459 -2.7947 0.2423 0.50282 2.0642
35.201 -12.71 3.9243 3.4649 -1.1814 3.1945 -1.5364 3.7363 5.3968 0.58167 2.3551 1.9755 -2.1899 -0.61966 2.6159 1.8133
37.56 -15.09 5.8284 1.669 1.9827 -0.82809 -0.28485 3.0338 5.7337 0.12295 4.6776 0.86661 -1.789 -0.20688 3.2531 -0.043088
28.566 -7.7179 5.2806 1.7847 1.719 -0.029294 0.93003 6.6435 3.5438 -0.76809 3.239 -0.88646 -2.9319 -3.6305 6.673 1.2144
31.066 -12.677 5.8096 2.7297 1.5063 -1.4174 2.4007 1.4781 4.2679 -0.83329 1.5391 -3.0643 -3.0353 -1.3784 3.4784 0.59806
31.496 -15.81 -2.6108 5.4714 2.4988 0.47597 -0.3819 3.2161 2.5741 -0.27421 7.5145 1.0637 -1.7373 -1.3499 1.5482 0.49191
29.107 -13.718 4.9608 2.856 2.3286 1.5014 0.22048 3.5265 2.78 2.477 4.7706 1.5435 -3.3944 -1.621 3.6004 0.51232
33.639 -12.791 0.6012 1.3889 2.5559 3.1945 -0.39125 1.4163 6.2145 0.73625 4.9497 1.9275 -6.1628 1.0359 0.90832 2.9842
36.639 -11.152 -5.0788 3.9705 3.1015 -0.40262 -1.3341 3.8064 5.114 1.9936 0.54904 -0.43481 -0.98447 0.088224 0.33893 0.34516
34.087 -19.231 3.6665 0.97653 -2.36 -2.8136 -0.15206 2.8611 3.1557 0.40107 2.0671 -1.5077 -1.6023 2.1274 2.7514 3.0054
33.76 -17.213 5.7971 0.37624 1.8683 -1.4398 -1.2818 3.8344 3.4993 2.9229 4.2224 0.52145 -0.34591 -0.03849 3.0817 0.096882
33.808 -14.333 0.59834 -1.4482 4.043 -0.37857 -1.8666 4.8259 4.0618 -3.7769 -0.081804 -0.0923 -1.3089 -0.36132 3.6696 1.4115
31.737 -10.23 3.0991 0.97516 -0.73949 -1.7088 -0.76873 5.0027 4.7268 1.4438 3.6329 1.1321 -2.2334 -0.95858 4.2852 1.537
38.989 -11.437 5.8254 0.39227 2.882 -1.7252 1.7943 3.4842 2.0452 1.355 3.0608 -1.1696 -3.0483 -3.3771 3.3289 0.13529
36.04 -12.207 6.7924 2.206 -1.5996 -2.0378 -0.48334 4.0801 5.0001 2.0499 2.8144 -1.1875 -1.4488 1.6122 1.8443 0.67543
34.112 -11.71 6.7412 1.229 1.1829 -1.445 -0.2959 1.1925 4.8536 1.4371 1.9189 -0.35398 -3.2126 -3.3638 3.4168 2.6301
40.856 -11.15 3.8334 4.6906 -0.22611 -3.1861 -1.8533 4.1103 4.245 0.81633 0.86495 -1.5383 -3.1067 -1.4647 0.84915 0.974
32.042 -14.386 5.1281 2.5566 0.95792 -1.635 1.7391 2.3286 6.8936 3.9232 1.6574 -1.5435 -1.5921 2.9889 1.453 1.0529
37.772 -13.283 4.3284 1.1701 -0.87995 -1.4688 -0.50457 4.2852 3.42 1.835 3.2057 -1.0755 -0.86183 0.41788 1.9356 1.6072
40.382 -11.743 5.5219 0.76688 -0.15115 -0.65487 -1.0365 3.4504 4.5367 1.1573 2.766 -0.21765 -2.2303 0.42812 1.1657 -0.0067152
34.17 -9.1625 5.0247 1.7514 0.68988 1.6219 1.0671 3.5106 5.2907 0.067794 3.9739 0.20129 -0.60012 -1.655 1.9251 1.439
37.32 -10.78 6.5681 -0.73071 3.0325 -2.8684 -0.33032 3.1784 4.5931 1.869 3.9712 -0.096646 -2.5233 -1.4386 1.5483 -0.042764
36.762 -11.891 7.4757 1.9912 2.5356 -1.5875 1.3262 2.1281 4.164 -0.067494 3.7939 -0.011615 -0.31802 -0.80443 2.0381 1.0519
34.047 -12.403 5.0569 -0.033735 3.4775 -0.74598 1.9734 3.5511 2.3139 -0.95479 3.9828 -0.23479 -4.1896 -2.613 3.1645 1.2969
34.677 -12.097 4.5727 3.2589 3.1733 -0.86168 -0.35155 5.0838 2.1919 2.331 2.428 1.6045 -2.3619 0.098675 1.3174 0.74789
29.287 -21.2 1.2844 2.8408 0.56673 -0.75948 0.3332 2.6895 2.8471 -2.4631 4.2478 1.7432 -2.1519 -0.30273 2.0344 0.53339
40.2 -15.856 1.9402 2.815 0.38869 -1.6785 0.64517 3.9217 4.3061 1.1752 3.1159 -1.9983 -2.8565 -0.44703 2.0983 1.7283
34.024 -11.883 6.24 3.051 -1.1201 1.045 0.17755 3.603 2.439 -0.39866 1.1993 -1.3963 -1.0398 1.0768 2.3858 1.8825
44.384 -10.542 3.5458 4.6035 0.75029 0.10774 -0.31238 3.2222 2.1058 0.70981 2.7304 -1.182 -1.4271 -0.79071 3.9479 0.30335
38.879 -13.106 4.4668 1.7343 3.0063 -1.4844 -1.3556 4.8362 2.7615 1.765 3.4091 -0.39038 0.014961 -0.67419 4.4789 0.51011
36.796 -9.6439 4.3275 2.3657 1.5923 0.39948 1.1082 5.1298 4.2051 -0.12612 4.3933 0.98176 -2.0065 -1.2497 3.9562 0.37291
39.635 -13.348 7.1526 -1.6248 1.2362 2.1421 1.1473 2.8976 2.9419 0.51413 2.5161 -0.41259 0.29751 0.51746 3.7574 1.4551
30.315 -7.103 2.9636 2.1966 1.2313 -0.46439 -2.9608 1.5358 4.8155 3.3981 2.3264 -0.8435 -2.4748 -2.3644 0.48768 0.24877
39.009 -9.9759 3.7555 5.3971 -0.58164 -3.6789 -0.72636 3.8897 2.999 0.0093994 5.2243 -0.86743 -2.2099 -0.32022 2.4893 1.0101
25.371 -12.787 9.6635 0.616 0.34737 -4.468 -0.86644 3.1369 3.2264 3.0185 2.8034 0.33662 -1.5687 1.0844 2.3735 1.4741
39.791 -12.821 5.79 1.4029 1.1225 -3.473 0.9135 4.1579 0.6613 3.216 2.9447 -2.0939 -2.1895 0.60274 3.5381 2.5899
34.354 -9.8151 2.7548 2.5524 2.2858 -2.3359 1.3793 4.7503 3.8476 0.38507 4.0601 -0.27665 -1.942 2.1091 0.27224 1.1451
38.703 -13.401 3.0385 0.66062 -0.08312 -1.3897 -0.49593 4.0009 3.4028 0.71089 3.8043 -0.94122 -2.1659 1.0923 2.0147 0.80638
29.04 -21.945 1.0418 1.7045 -0.22975 -2.5546 1.0941 3.9804 2.4147 -0.0054681 3.6103 2.1459 -1.9722 0.52565 2.7665 -0.41573
26.32 -17.551 2.4918 -0.64844 3.4315 -1.372 1.0765 2.0352 2.4244 0.57168 2.6674 0.76785 -1.4862 -0.5778 0.97279 1.249
35.185 -13.583 4.1782 0.22404 1.1605 -1.7706 0.49367 1.57 4.2477 0.038315 2.3773 1.2493 -2.3895 -1.7616 3.9719 0.87271
28.377 -14.687 1.0115 4.4823 -2.173 -0.012588 -2.1096 5.8805 3.4661 1.9291 0.59395 1.6346 -3.1143 0.20735 1.4523 0.35721
30.778 -15.31 1.9137 3.7858 -4.5303 -1.847 -0.7929 1.6959 0.21049 1.2854 2.6135 -2.4579 -1.129 -1.8167 2.133 1.1362
20.96 -13.146 -0.25577 0.93524 0.37141 1.655 3.4693 2.4739 4.3777 0.28693 2.6372 2.3399 -1.3313 -2.8851 1.2471 0.25943
39.155 -15.117 2.0517 3.5206 -0.17162 -1.1583 0.20116 6.0373 4.5703 1.4592 3.0589 -0.28419 -2.4585 -0.014008 3.438 0.74481
30.464 -17.117 0.82696 2.0105 0.50871 -0.26732 -1.3536 3.2067 2.766 0.74765 3.0452 0.90983 -1.811 -0.17951 1.546 0.15888
28.835 -19.385 1.4948 1.1157 0.6919 -2.0058 1.841 3.0131 2.0228 -0.18987 0.39126 1.3291 -2.0514 -0.49389 0.4685 1.7854
31.611 -15.701 0.82977 1.3735 3.8283 0.16304 -0.7747 2.7176 4.9925 1.6137 3.6431 1.7016 -1.0014 1.5918 1.2126 0.047153
28.488 -16.848 1.4792 1.7476 1.774 0.65093 0.45801 5.8358 5.4995 3.1505 0.60437 1.2576 -2.432 -1.3585 0.3341 -0.26952
31.099 -14.363 0.17372 -1.5202 3.8751 0.71757 2.0584 5.0778 4.878 0.76686 1.9244 1.9923 -5.166 1.9784 2.0433 -0.51201
31.106 -12.771 1.9455 4.3914 0.9559 -0.30741 -1.3455 0.31784 3.2845 0.36927 1.2131 1.9073 -2.5791 -1.6095 -1.2719 3.1669
35.606 -13.821 5.1198 4.3023 -4.291 -3.966 2.5441 1.5243 4.6562 -0.32891 2.089 -0.1535 -2.2404 0.88935 2.7631 1.2727
37.269 -10.918 5.194 2.4575 0.33048 -3.1992 -1.8286 2.4153 4.7821 1.5036 2.6065 0.025572 -3.8222 0.29386 2.3068 -0.74051
39.654 -12.194 5.7106 1.1539 3.0275 -3.5098 -1.9159 4.1542 4.5593 2.3894 3.2306 0.59105 -3.0002 0.35688 2.0173 1.3541
35.528 -10.854 6.7172 -0.24168 -1.2774 -4.3279 2.4207 3.7628 5.6896 0.83691 0.59694 -1.654 -1.4903 -2.4338 2.0918 1.3768
41.808 -12.03 6.4777 0.045671 2.2225 -3.9082 -2.6301 5.9946 3.8539 -0.70947 -0.1955 1.1034 -3.4359 -0.56867 3.2371 -0.63709
40.672 -13.319 7.5435 2.1571 1.1391 -2.9003 -1.5665 4.0145 3.8791 0.43068 0.48806 -0.85108 -1.9862 0.092083 1.5921 0.69023
26.948 -11.434 8.2469 0.42703 2.8299 0.48548 -0.61515 2.51 5.1829 0.73948 2.5123 1.1223 0.20372 -1.4875 5.3523 0.092931
36.851 -9.1896 3.9151 2.3964 0.91784 0.24879 0.55279 3.6873 3.9573 0.0023416 3.755 -0.19838 -1.2394 -0.3215 0.63157 2.5257
36.163 -10.43 5.213 0.99101 1.5965 -1.761 0.12475 3.9054 4.2061 0.23623 3.9009 0.83994 -3.8458 -0.69528 3.8827 -1.0185
37.942 -10.87 6.0507 4.8189 1.3162 -1.8633 -1.3657 5.2097 4.1563 1.8003 5.0498 -1.5263 -4.4475 -0.67081 0.94058 2.4611
41.204 -12.342 4.6374 0.26803 3.0553 0.10433 1.0151 4.2734 5.5353 0.77473 3.1726 -1.3827 -2.1775 -1.7646 4.1366 1.6872
33.141 -10.518 9.2031 -0.95534 3.1801 -1.2659 -0.92897 4.3641 1.2115 0.15774 1.7887 1.6998 -2.4567 1.2152 2.4463 -0.6696
40.198 -14.69 5.6558 1.9302 0.87735 -1.2788 0.73607 2.7689 5.5918 0.83402 3.1436 0.27951 -2.8639 -0.84877 2.5736 -0.13194
35.836 -6.8029 2.0022 0.85923 -0.31703 -0.66423 1.2718 3.9453 5.725 1.859 4.7011 -0.53207 -2.0538 -2.7346 4.3901 2.1114
37.247 -12.02 7.9828 1.9658 2.2087 -2.0607 -0.97263 4.6323 4.1453 1.2941 2.1579 -0.057487 -0.26792 0.16968 1.275 1.603
35.55 -10.766 3.2456 0.87204 -2.7248 -2.7056 -0.58638 4.0713 4.5896 1.2888 3.5314 0.020361 -0.59599 -1.3075 3.4458 -1.2917
35.329 -11.995 3.2726 -0.2154 -1.0541 -2.7612 0.68023 3.8668 4.9629 3.3611 3.0843 -0.59302 -1.4851 -2.2756 2.2908 1.0241
35.004 -5.4806 1.5053 -0.0464 0.11076 -1.1562 -0.28723 3.4615 4.3627 0.6086 1.508 -0.077652 -1.2594 -2.0583 5.4001 1.2641
35.869 -14.218 4.9114 2.492 1.4574 -1.5651 0.31631 5.2769 5.264 1.5178 2.394 0.088319 -2.0618 0.084904 2.023 1.0126
36.004 -9.1618 3.9159 -1.3793 3.8938 -1.326 1.5524 4.9603 3.2232 -1.292 3.6236 0.078481 -2.0913 -3.2246 4.6393 0.641
38.762 -11.94 6.7759 1.3627 0.72429 -2.8489 -1.2304 5.5337 1.6425 2.8436 2.6588 -2.7735 -3.4332 -1.0571 0.57944 3.3024
38.994 -11.103 4.2231 1.1721 1.3678 -2.3934 1.9876 4.1219 4.1215 0.98217 3.1941 -0.38685 -3.8566 1.5244 3.0472 0.58357
36.313 -13.651 4.1665 -1.1136 0.097501 -1.1486 1.0925 4.6813 5.6106 2.5515 3.3468 -0.18021 -4.5708 -2.5672 4.6938 1.392
34.819 -11.893 3.4604 1.3633 0.78309 0.65236 0.46903 2.9875 3.9311 0.052978 3.9976 0.42661 -3.8202 -0.86166 1.5602 0.33488
37.665 -14.348 5.3055 3.0931 -2.8487 -2.5666 2.5221 2.2564 3.1155 1.4289 4.772 -2.5418 -3.2765 -0.63578 2.4084 0.22438
31.876 -11.95 4.5515 -2.0436 3.7093 0.56494 2.7086 3.4055 8.249 1.835 4.0046 -0.37965 -5.1456 -1.2263 2.8265 -0.3458
30.055 -8.5596 4.5815 0.88863 2.071 2.0248 0.34021 3.3655 3.7847 0.73144 2.5078 1.2965 -4.9955 -0.75783 -0.38811 0.60441
23.915 -18.408 1.7393 1.9819 -0.7931 -0.79638 -0.64863 1.8737 3.505 0.72185 2.9528 1.8089 -1.269 0.68553 2.0477 -0.14475
34.653 -15.939 6.8913 1.3455 0.20785 -2.2437 -1.6933 6.4361 5.0532 3.701 3.6067 -0.85055 -2.7083 -2.0643 3.64 2.3371
28.903 -16.261 6.5288 2.1888 3.4858 3.2472 0.47534 1.4291 3.9573 3.4588 2.2074 -0.93178 0.56471 1.55 -1.0077 2.6864
38.934 -15.329 4.0215 1.2418 -1.2998 1.446 -0.013498 5.1346 4.828 0.50567 1.9168 1.1564 -2.3085 0.44722 3.9276 1.8152
32.97 -15.359 6.191 -1.8068 1.0876 -0.97248 -1.2245 2.7515 4.5028 0.80711 1.5873 0.082221 -0.80916 0.63351 2.6152 1.1939
38.926 -16.409 4.787 0.25506 -1.2975 2.7361 -2.4182 4.2819 5.0977 1.3497 2.071 -1.274 -4.4789 0.71346 1.8124 1.2664
32.325 -14.066 1.8294 -2.7241 0.33118 2.0498 -3.1638 6.2006 4.7842 0.80665 1.2971 1.5655 -2.2469 0.25735 1.944 -3.268
32.182 -10.174 4.2835 -1.5578 1.6053 -0.36957 4.3346 3.6211 6.635 2.8545 5.1164 1.3113 -4.8255 0.66185 0.18473 -0.15929
25.873 -12.161 7.6843 -3.5411 -1.2911 2.9637 -0.44945 2.8078 3.7742 0.67957 2.3688 -0.48469 0.21027 -3.0254 0.17233 1.0018
35.624 -15.801 4.1857 0.66142 -0.88667 -2.913 -1.7607 4.4928 4.8729 3.2357 1.5712 1.3381 -1.3862 -0.58211 2.7102 1.2455
30.485 -8.4222 4.8451 -0.76183 1.171 -2.2159 3.1157 4.2399 4.8842 1.5438 4.3583 0.99439 -2.1076 1.4128 1.4533 -1.2389
33.218 -11.465 3.5933 3.3088 -2.154 -0.072711 0.074692 4.1307 6.1064 0.026002 3.6813 -1.1444 -4.8191 -0.22385 4.1681 0.066807
31.761 -8.5567 5.1101 2.0258 2.0899 -0.74001 1.8031 3.0322 4.2978 -0.28076 2.8786 2.037 -4.0579 0.71444 4.798 0.49155
28.019 -3.3744 6.5389 3.0427 -0.4118 -3.6145 -2.049 3.5796 5.2192 1.0187 5.7118 1.5851 -1.8694 2.8274 0.55845 -0.13886
42.371 -11.112 5.1659 -1.5622 0.4266 -1.5191 -1.9784 4.7023 2.7215 1.0278 2.134 -0.024774 -3.1408 -1.1941 1.9405 1.0841
36.751 -10.141 -0.59503 3.5665 0.54084 -1.1525 -5.515 5.0013 3.5896 1.2178 3.1097 -0.22865 -1.8159 -0.10998 1.5629 0.60841
34.417 -3.6337 2.7305 -1.7868 -1.5444 0.1319 -3.6314 5.174 2.1414 1.2201 5.0879 -0.65429 0.75436 0.51193 3.6105 -2.0394
38.297 -5.4847 6.4733 -2.2567 3.6641 -1.0282 1.711 2.3301 6.8625 2.5485 4.7788 2.0899 -2.0195 2.7289 0.98398 -1.2718
32.463 -19.891 4.3339 0.060803 -0.65883 -5.675 1.3659 1.9244 5.6408 -1.4588 1.951 -0.23219 -3.0642 -1.8243 2.4964 -0.72117
32.03 -15.066 10.372 -0.73157 1.7885 -2.3701 -2.5035 3.941 3.6296 0.53193 3.0505 0.89745 -2.5618 -1.2617 2.0859 0.0088004
