740.16
735.06
673.27
697.13
630.66
720.98
653.68
708.42
685.2
768.13
748.96
692.94
705.99
696.85
795.05
716.38
817.29
790.09
740.3
740.3
850.36
681.51
700.96
700.96
757.12
712.89
720.84
713.24
720.91
759.34
717.22
763.17
821.76
729.01
759.48
721.76
736.75
732.91
729.29
718.84
744.07
848.71
725.1
739.95
725.17
739.88
720.84
733.12
732.07
728.44
732.56
736.4
737.66
736.68
740.16
735.97
740.58
736.47
743.72
962.43
652.48
748.32
748.39
752.37
763.88
759.97
748.46
763.52
755.92
837.38
759.76
802.37
895.82
748.32
759.69
763.74
756.42
759.97
782.77
767.92
771.12
790.51
833.19
790.44
757.82
782.84
782.91
778.73
778.73
775.24
833.54
756.49
1013.1
787.03
1013.3
752.37
794.28
752.72
828.9
1012.8
759.13
762.33
763.1
763.59
758.92
721.69
697.69
802.09
728.23
700.89
747.48
701.18
689.11
998.21
763.31
1006.1
682.42
770.98
693.5
701.39
770.84
732.21
811.17
764.23
881.33
881.26
877.42
861.8
850.15
900.64
838.43
830.62
803.85
830.55
818.77
826.65
819.05
818.91
819.05
815.07
807.47
799.66
807.33
788.08
803.42
776.51
791.92
791.99
791.92
799.73
799.59
834.67
803.49
799.73
803.35
796.11
807.33
792.2
823.02
803.78
807.61
807.61
800.01
811.66
807.68
815.42
788.43
803.92
804.06
815.35
804.06
796.25
803.99
807.82
803.99
796.32
804.06
796.39
807.89
815.49
819.47
815.49
815.42
819.47
823.37
827.35
819.89
831.33
831.26
819.47
835.3
807.96
823.59
839.42
831.68
847.09
823.73
909.72
831.89
780.41
780.83
854.83
831.33
831.4
823.59
827.49
823.59
831.4
827.63
835.44
831.61
835.37
815.91
815.91
812.01
819.75
815.77
815.91
808.24
819.68
819.61
819.68
819.47
808.1
815.7
815.77
815.7
815.77
815.84
819.75
819.82
823.59
823.73
819.89
819.82
827.49
827.35
823.73
812.22
808.38
819.89
796.74
804.48
831.4
819.96
819.96
819.96
823.8
827.49
827.35
827.49
823.73
823.8
819.96
819.96
819.4
823.59
819.68
816.13
819.82
819.82
819.82
819.82
808.45
816.13
816.05
819.75
808.45
819.82
816.05
819.75
816.05
819.68
815.98
812.29
815.98
819.75
816.13
819.89
819.82
823.66
820.03
823.73
823.59
808.52
823.8
819.82
808.31
812.01
804.27
800.43
800.5
808.38
808.6
800.43
816.13
824.01
835.79
828.12
851.42
902.4
1003.6
606.03
948.14
788.08
760.04
776.08
798.25
748.32
698.32
740.72
732.91
740.44
744.35
725.1
732.7
732.77
729.01
736.61
721.27
732.91
740.72
748.25
748.46
748.46
752.23
737.1
752.3
714.3
721.97
737.45
741.36
741.5
741.43
745.4
745.33
745.26
764.3
745.61
741.5
745.4
760.67
745.33
745.19
745.19
745.4
753
749.17
741.71
764.51
753.07
753.14
760.74
768.2
753.07
749.31
749.45
753.07
745.47
749.24
772.25
749.38
768.55
753.14
768.55
749.38
749.52
768.48
757.26
768.55
768.7
757.19
761.17
772.53
772.53
761.1
768.77
765.21
780.34
776.65
768.91
776.65
784.32
773.37
784.53
788.58
788.72
796.67
808.03
804.48
800.85
804.69
808.45
819.89
796.95
808.31
808.17
800.57
820.03
827.7
827.84
843.11
839.63
832.45
824.15
823.73
839.21
924.29
900.99
897.02
893.32
893.11
889.21
881.33
881.4
881.54
869.89
865.91
858.38
858.24
854.41
858.03
857.96
861.94
861.87
861.8
862.15
865.77
865.77
869.75
869.61
873.58
870.17
873.58
877.7
877.91
877.98
889.49
889.35
874.5
905.11
897.37
882.03
874.43
885.86
870.52
878.26
889.84
878.33
886.15
893.75
882.31
889.98
886.15
878.54
878.54
897.65
874.5
870.66
882.17
870.59
874.36
874.36
870.52
854.97
866.62
862.71
862.57
854.83
854.76
862.64
854.9
843.18
839.28
839.28
847.23
835.37
835.44
835.37
835.44
835.58
839.28
839.49
839.42
843.25
847.23
847.23
851.14
855.18
859.02
866.9
866.9
870.87
878.69
886.5
894.38
890.68
894.73
898.64
902.61
898.92
902.68
909.79
913.98
913.84
921.58
914.12
921.65
890.47
910.07
937.2
941.18
956.94
901.98
810.39
827.07
1007.1
811.17
784.25
803.42
803.28
795.75
799.59
799.59
795.75
795.75
799.73
792.13
792.13
788.22
788.22
807.33
811.24
823.02
826.86
831.04
834.81
834.6
838.86
831.26
831.4
835.3
839.14
854.69
858.67
866.05
869.96
870.24
869.82
873.87
869.82
874.22
870.52
873.87
874.43
878.05
873.87
873.94
874.29
866.9
870.66
870.52
866.9
874.08
870.8
863.2
859.37
859.37
859.37
859.37
859.44
863.2
863.13
863.27
859.44
874.57
859.37
863.41
863.48
859.44
859.44
859.44
863.27
867.25
863.41
867.25
871.16
867.25
875.13
871.23
871.3
875.2
875.27
879.18
871.37
879.11
879.11
879.04
882.94
871.23
882.8
879.04
882.8
879.04
886.85
898.14
886.92
890.82
890.75
886.99
890.75
887.06
887.13
887.2
891.25
891.25
895.36
895.36
898.85
898.78
898.71
894.94
883.36
902.47
863.84
890.82
898.28
883.43
890.96
871.37
902.19
921.65
913.7
910.21
883.65
748.61
598.43
756.77
732.35
705.15
704.87
697.13
693.22
1006.3
693.15
704.87
810.67
689.18
689.32
689.18
778.94
697.06
696.99
716.8
1006
697.06
693.15
818.34
869.12
697.06
654.03
705.01
665.95
810.53
822.39
704.8
822.39
747.48
927.7
712.82
861.87
708.78
708.78
708.78
748.18
704.87
740.23
716.73
697.27
320.33
830.2
712.82
708.92
712.89
720.7
736.61
712.82
712.89
712.89
932.31
716.87
794.77
951.91
798.75
724.54
752.44
689.95
712.82
713.24
716.73
720.63
728.73
724.54
728.73
724.68
713.24
756.42
724.54
724.61
724.82
686.04
709.48
756.49
709.41
1006.9
744.42
709.48
724.89
732.49
732.49
705.64
787.24
1006.4
761.02
666.59
791.92
713.52
796.32
752.23
800.92
744.28
767.57
759.9
796.95
615.6
836.82
826.86
551.71
744.91
701.88
721.34
721.27
725.1
709.69
698.04
709.55
713.38
709.41
697.97
705.64
709.41
709.41
705.5
705.57
705.5
705.5
709.34
709.34
705.36
717.22
705.43
709.27
709.27
709.27
709.34
709.27
709.27
709.34
709.13
709.13
713.24
713.17
709.41
713.17
713.1
713.1
713.24
713.17
713.17
709.27
713.24
713.31
713.24
713.17
713.17
713.24
713.31
713.17
671.06
705.64
713.24
709.48
736.54
755.99
709.55
713.24
694.14
709.34
713.17
713.31
717.22
709.62
701.88
713.31
713.24
717.29
705.78
713.24
709.62
717.29
713.52
709.76
744.42
717.29
709.76
763.88
705.99
768.13
721.34
709.9
767.78
709.9
709.9
713.81
709.9
744.91
751.88
698.68
771.9
752.23
706.14
752.86
725.24
710.04
721.48
764.37
710.18
752.09
768.13
767.92
748.11
702.93
709.97
744.35
722.11
709.97
725.24
714.02
725.24
713.88
748.75
710.39
713.88
722.04
713.95
714.02
713.95
732.35
721.34
748.39
759.9
736.47
1012.5
721.69
736.26
741.71
705.85
677.81
1012.7
686.12
847.23
815.77
827.14
819.47
807.68
791.92
784.04
776.16
776.16
776.08
772.25
768.34
772.25
764.44
764.37
764.37
760.46
760.46
752.58
756.56
760.39
760.46
760.46
760.39
756.49
760.46
756.56
756.42
756.49
756.49
756.49
756.49
756.49
752.58
756.49
752.58
756.49
756.49
756.56
756.49
756.56
756.56
752.51
756.49
752.58
752.58
752.58
752.58
752.65
748.68
752.51
748.68
752.51
748.68
748.61
748.68
748.68
748.68
748.61
748.68
748.61
748.61
748.68
748.61
748.61
748.68
748.61
748.61
748.68
748.61
752.51
748.61
748.61
748.61
748.68
748.61
748.68
740.79
744.7
748.61
744.7
748.68
748.61
748.61
744.7
748.61
744.7
744.7
748.68
748.61
744.7
748.75
748.68
748.75
748.75
748.68
748.68
748.68
752.58
752.65
748.68
752.65
752.58
752.65
748.68
752.65
748.68
752.58
752.65
748.89
756.56
826.65
748.89
830.76
756.49
748.75
975.62
736.82
748.82
760.88
810.81
755.99
756.91
924.43
1007.2
414.07
850.43
862.29
850.36
831.12
815.42
811.45
815.28
807.47
803.56
795.68
791.78
787.8
783.9
779.99
776.01
775.94
772.04
768.13
764.23
764.23
760.39
764.16
760.18
760.25
760.18
752.51
752.37
752.51
752.44
748.53
748.46
744.56
748.53
752.44
748.53
752.44
752.44
748.46
748.46
752.44
748.39
752.3
752.44
756.28
760.11
764.02
760.25
771.9
764.16
771.9
775.8
768.13
771.97
783.69
775.94
787.59
775.94
775.87
779.78
775.94
772.04
775.87
772.04
772.04
775.87
775.94
772.04
772.04
768.13
768.06
768.06
764.16
764.23
764.16
737.1
760.32
756.49
760.25
764.23
748.75
760.32
752.37
764.23
760.39
764.23
764.16
764.23
764.16
764.16
756.56
760.46
764.23
764.3
764.16
764.3
768.13
764.3
768.13
768.2
772.04
768.13
768.13
733.26
768.2
768.13
768.13
764.23
768.13
768.2
764.23
764.3
764.23
764.3
764.23
768.2
764.3
764.23
764.23
760.39
760.32
760.39
760.39
760.32
760.32
760.39
760.39
756.42
760.39
756.49
756.49
756.42
725.45
674.68
744.63
779.92
842.06
662.19
846.1
661.98
764.09
772.46
764.93
788.68
744.63
752.58
764.44
764.16
752.37
744.7
736.89
732.84
724.96
720.98
721.13
721.05
713.17
717.15
717.08
717.08
717.08
721.05
720.98
720.98
720.98
713.45
724.89
724.96
725.03
724.89
720.98
720.98
721.05
721.05
720.98
720.98
720.91
720.91
720.91
721.05
720.91
720.98
713.1
717.15
721.05
720.98
720.98
721.05
720.98
717.08
720.98
720.98
720.98
717.01
717.08
717.08
717.08
717.01
717.08
717.15
721.05
721.05
721.05
721.05
721.13
720.98
721.05
721.05
717.29
721.05
721.13
721.13
725.03
721.05
724.96
724.96
725.03
724.96
728.94
721.05
725.1
728.94
728.94
728.94
728.94
729.08
729.08
729.01
728.94
729.08
725.17
721.41
729.01
725.24
729.08
729.08
725.1
729.08
729.01
729.08
729.08
725.1
729.01
729.08
729.01
729.08
729.15
729.08
729.08
725.17
729.08
729.08
729.01
729.08
729.08
729.08
729.08
725.24
725.1
729.08
729.08
725.24
725.24
729.15
729.08
729.08
729.15
729.15
729.15
729.22
729.15
729.15
717.78
717.43
709.97
709.55
686.33
1009.5
1006.7
1006.9
1009.1
956.31
623.77
693.65
670.28
689.67
613.17
689.53
697.55
744.49
686.12
717.15
697.48
701.32
701.25
756.14
717.22
705.15
705.22
705.08
701.46
716.94
712.89
705.57
721.05
728.51
732.56
736.54
736.4
736.75
737.03
748.18
737.03
752.3
756.28
756.21
759.9
764.09
763.81
767.71
763.81
763.88
764.16
767.78
767.78
767.85
771.9
771.76
775.66
771.83
779.64
775.87
779.71
779.71
783.61
779.71
779.92
783.61
779.85
783.76
783.69
783.69
783.69
779.85
779.85
775.8
775.8
776.01
779.85
775.94
779.92
779.78
775.87
779.71
779.85
779.85
779.85
779.85
783.69
779.78
783.76
775.8
795.47
783.76
815.07
783.69
787.59
787.66
791.64
787.73
783.9
799.38
783.9
787.73
791.5
787.8
783.83
807.26
787.8
787.73
783.97
783.9
783.76
787.66
799.45
783.76
787.8
787.94
787.94
795.61
795.68
795.75
799.66
795.68
803.78
803.71
803.56
803.71
803.49
796.11
799.59
792.13
799.59
799.59
780.55
792.06
780.55
776.72
788.08
791.85
799.73
776.65
792.06
784.53
807.68
768.63
776.44
788.29
792.06
800.22
784.81
784.11
788.22
784.39
749.87
800.92
792.34
785.37
850.36
819.61
784.88
866.34
784.81
800.57
854.83
920.66
675.66
894.52
945.29
1002.2
649.84
1006.3
978.68
982.8
991.03
1003.2
693.29
685.48
689.53
976.68
693.29
689.46
728.3
689.32
708.99
689.32
693.29
689.32
685.48
712.61
689.74
685.69
674.33
677.95
658.49
658.42
1006.7
642.73
646.5
1006.3
627.18
650.54
685.55
627.11
677.81
1006.2
634.85
343.76
642.66
670
627.11
658.21
705.01
642.66
646.57
654.31
642.59
638.76
646.57
623.2
673.98
642.73
1006.9
705.29
673.98
631.3
677.95
681.93
670.42
693.72
689.88
643.43
686.04
693.86
697.76
693.93
701.6
697.9
690.3
713.45
717.36
702.3
717.71
717.92
736.89
736.89
737.17
740.93
741.07
741
744.84
744.63
741.22
744.7
748.61
748.61
748.53
748.82
752.65
752.44
745.26
748.46
748.46
752.58
741.22
748.53
748.53
760.25
744.49
744.49
744.49
744.56
744.49
744.56
737.31
744.77
741
736.96
729.22
725.31
725.17
721.34
725.24
705.92
737.03
729.22
736.82
729.08
705.71
725.17
717.5
721.69
783.12
713.88
686.04
566.56
583.3
332.05
1006.1
1006.4
1007.4
759.97
1007.1
1006.9
912.43
972.35
921.37
933.57
482.92
1007
966.69
572.22
943.46
988.04
429.69
1007
599.77
529.51
634.57
654.03
658.07
622.99
650.26
681.3
626.83
642.52
670
696.99
658.28
658.28
666.17
347.67
670.07
658.35
677.88
631.16
677.95
662.4
674.19
693.72
701.53
686.04
705.57
705.64
713.52
721.34
713.67
721.34
721.41
725.24
717.5
725.24
717.5
717.43
713.52
717.43
709.69
713.45
709.69
709.62
713.52
709.62
709.55
705.71
705.64
697.97
694.14
709.48
697.97
709.55
709.55
705.71
705.64
709.55
705.71
705.71
709.62
705.71
705.64
682.42
705.71
713.45
697.9
705.64
705.64
701.81
697.97
705.64
705.71
709.55
713.45
705.78
717.36
705.78
721.34
713.52
717.36
717.43
713.6
717.43
713.45
701.88
709.55
705.64
705.64
697.83
697.97
705.57
693.93
701.74
701.74
705.57
705.64
697.97
705.71
709.55
709.62
694.21
709.69
713.52
686.68
721.34
717.64
713.88
717.78
729.43
729.57
736.89
737.03
733.19
728.94
1006.7
678.3
666.8
632.98
682.35
674.26
748.32
928.69
434.79
787.59
1009.1
933.9
1007.6
955.95
924.08
657.72
976.54
974.92
638.19
974.92
955.11
645.65
1006.8
986.36
657.86
1005.7
614.9
603.25
1006
1005.7
638.54
634.71
658.14
654.31
700.96
732.14
689.39
685.48
681.72
685.48
677.74
728.16
685.55
681.65
697.27
689.46
693.36
693.36
708.99
701.18
716.87
697.27
791.07
693.36
712.96
709.06
783.19
697.27
700.89
1005.7
685.55
689.39
755.99
697.13
697.34
697.41
1005.8
681.58
685.55
697.41
759.34
693.43
685.55
713.1
693.43
693.43
705.29
697.27
709.2
713.1
720.91
720.91
724.89
720.98
752.23
720.91
717.08
720.98
724.89
721.05
721.05
721.05
724.96
724.96
760.11
732.63
736.82
736.75
736.82
736.82
736.75
732.91
732.91
729.01
732.77
728.94
728.94
717.22
728.94
725.03
736.82
725.1
721.13
732.91
721.2
721.2
748.61
725.1
729.01
729.08
729.01
729.01
729.08
729.01
729.01
721.34
729.01
748.61
725.17
721.27
713.45
725.1
717.36
725.1
725.17
721.34
729.01
729.15
732.91
729.22
732.84
733.12
736.68
729.36
740.72
737.03
732.56
729.64
755.92
752.02
783.47
1007.1
728.66
724.75
721.13
724.89
701.81
740.58
705.29
693.65
732.14
654.59
704.45
642.94
1006.3
666.17
682.07
610.22
613.14
635.69
