2274.3
2270.1
2266
2293.8
2297.7
1891.5
1977.5
1938.6
1927.3
1923.3
1911.8
1927.6
1181.6
1916
1904.5
1900.6
1932.1
1947.8
1889.2
1901
1896.9
1904.9
2295.6
2299.5
2291.7
2299.6
2283.9
2287.9
2287.8
2287.8
2291.7
2280
2280.2
2276.2
2276.2
2272.3
2276.2
2272.4
2276.4
2268.5
2272.4
2260.6
2272.4
2264.6
2264.5
2252.8
2264.6
2252.8
2264.6
2256.7
2260.8
2248.9
2264.6
2249
2260.7
2249
2256.9
2253
2245
2253
2256.9
2252.9
2248.9
2253
2245.1
2252.9
2245.2
2245.1
2237.3
2241.3
2245.2
2241.1
2252.9
2249
2249
2241.1
2249
2245
2252.8
2248.9
2256.7
2260.7
2260.7
2260.6
2248.9
2260.7
2244.9
2256.8
2244.9
2252.8
2264.4
2260.6
2260.6
2256.7
2264.4
2252.8
2252.8
2256.7
2260.5
2252.6
2252.7
2241
2252.8
2256.7
2256.7
2252.8
2245
2241
2244.8
960.77
2248.9
417.97
2244.7
1105.4
2276
2272.6
2248.6
2213.8
2316
1893.4
1932.1
1940.2
1940.2
1944.1
1948.1
1952
1948.2
1948.3
1944.4
1948.4
1940.2
1948.5
1944.6
1948.4
1948.7
1944.8
1948.7
1964.4
1964.4
1968.3
1964.4
1972.1
1968.3
1968.3
1976.1
1976.1
1983.9
1983.9
1991.8
1991.7
1995.7
1995.6
1999.7
1999.6
2007.4
2011.2
2011.2
2011.2
2015.1
2015.1
2022.8
2019.1
2022.8
2026.8
2030.6
2030.6
2034.6
2038.4
2034.4
2042.3
2042.2
2034.6
2042.6
2038.6
2038.6
2042.5
2034.6
2030.6
2030.6
2038.7
2026.7
2038.6
2038.5
2038.6
2038.6
2038.6
2034.7
2038.6
2038.7
2030.6
2034.8
2034.5
2034.7
2026.8
2011.1
2011.3
1999.7
1968.4
2064
2041.2
2064.7
2052.6
2052.9
2056.9
2053.2
2041.6
2037.8
2034.1
2030.2
2038.1
2034.3
2026.5
2022.7
2022.8
2022.7
2022.8
2023
2023
2023
2026.8
2022.9
2022.9
2022.9
2022.8
2022.8
2023
2027.2
2019
2026.9
2018.9
2031
2026.9
2026.9
2026.9
2035
2035
2030.8
2038.9
2038.8
2038.8
2034.7
2038.7
2038.7
2042.6
2042.6
2038.7
2046.6
2042.6
2046.6
2046.5
2050.4
2050.4
2050.4
2050.4
2050.4
2046.3
2046.3
2046.3
2046.3
2046.5
2046.4
2046.5
2046.4
2046.3
2046.3
2046.5
2042.3
2042.5
2042.4
2046.4
2046.3
2050.6
2046.5
2050.4
2050.5
2042.7
2046.7
2038.9
2042.9
2038.9
2039
2039
2035.2
2031.3
2019.3
2023.5
2007.8
1992.1
1984.4
1957.3
2003.2
2014.4
2003
2018.1
2018.1
2018.1
2010.2
2006.4
1998.6
1998.9
1998.8
1991
1987.2
1983.3
1987.3
1991.2
1999
1991.5
1995.1
1999.4
2003.1
2007.2
2011
2011
2011
2011.2
2011.2
2011
2007
2011.3
2007.7
2007.7
2007.1
2011.3
2011.6
2019.3
2015.2
2019.1
2019.1
2023.1
2022.9
2015.6
2026.9
2027
2026.7
2022.7
2027.3
2026.9
2030.9
2022.6
2026.8
2030.9
2030.8
2030.8
2034.8
2034.7
2030.7
2034.6
2034.7
2038.7
2042.6
2042.5
2042.6
2038.4
2042.3
2046.3
2046.3
2046.3
2050.2
2050.2
2050.2
2054.1
2054.1
2058
2057.9
2058
2057.9
2057.9
2061.9
2061.9
2061.9
2058
2058
2058
2058
2058
2054.2
2054.3
2054.1
2050.2
2058.1
2058.1
2062.2
2058.4
2050.7
2034.8
2042.8
2035
2027.2
2023.5
2003.9
2000.3
1973
1937.7
1918.7
1848.6
1935.9
1955.4
1967.1
1975
1979.1
1983.1
1975.2
1978.9
1975.1
1987.3
1995.1
1995.3
1995.2
1999.1
1991.8
1999.1
1999.5
1999.9
2003.6
1995.3
2003.4
2003.4
2003.4
2003.4
2003.2
2003.2
2003.9
1999.2
2007.6
2007.5
2003.4
2007.4
2019.3
2019.2
2023
2026.8
2026.7
2026.9
2027.1
2026.7
2026.7
2031.1
2030.8
2030.7
2035
2030.8
2030.9
2035.1
2031.5
2030.8
2027
2031.7
2031.5
2027.4
2027.9
2031.5
2027.1
2019.2
2027.7
2023.5
2027.6
2027.8
2023.5
2027.8
2027.6
2019.5
2019.4
2027.6
2027.5
2027.4
2031.4
2027.5
2031.5
2031.4
2027.5
2027.5
2031.7
2027.6
2027.6
2027.6
2023.7
2023.7
2027.7
2027.7
2027.9
2031.8
2031.8
2023.9
2032
2036
2032.3
2032.2
2027.6
2031.9
2031.7
2031.9
2023.9
2023.9
2023.9
2016.3
2012.4
1996.7
1988.8
1985.2
1958
1930.8
2099.2
2107.2
2107
2103.2
2107.6
2099.5
2095.6
2107.8
2096
2092.1
2076.4
2072.7
2072.7
2076.8
2077.1
2069.5
2069.4
2077.4
2077.4
2077.4
2061.6
2053.8
2054.2
2054.2
2058
2066.1
2070
2073.8
2069.8
2069.9
2069.8
2069.8
2065.9
2069.8
2065.9
2061.9
2062.5
2062.4
2062.7
2062.4
2062.6
2062.4
2062.5
2058.6
2050.4
2050.6
2058.5
2054.6
2054.6
2050.7
2050.7
2046.9
2050.8
2050.9
2050.8
2051.1
2050.8
2050.9
2046.9
2050.9
2050.9
2047.1
2047.1
2047.1
2039.3
2039.4
2039.3
2039.3
2035.4
2035.4
2039.4
2035.7
2035.5
2031.5
2035.5
2031.5
2035.5
2039.4
2031.5
2031.5
2035.5
2035.6
2035.5
2039.4
2039.4
2043.3
2043.3
2043.3
2047.2
2047.2
2051.4
2051.4
2051.1
2051.1
2051.2
2051.4
2047.2
2047.2
2051.1
2043.5
2051.2
2047.2
2043.5
2043.6
2043.5
2047.3
2023.8
2031.6
2027.9
2027.6
2023.7
2000.2
1988.6
1949.7
1922.5
2058.7
2039.6
2116.7
2105.2
2101.1
2120.7
2120.7
2120.7
2128.7
2128.4
2124.5
2132.5
2128.3
2136.4
2140.3
2140.2
2144.1
2140.3
2140.3
2124.2
2132.2
2128.1
2140.2
2136.4
2136.4
2136.3
2140.3
2128.4
2136.2
2132.6
2136.3
2129.1
2133
2128.5
2128.4
2124.6
2128.5
2128.6
2132.4
2128.5
2132.5
2128.5
2128.6
2128.6
2128.6
2128.6
2116.6
2120.5
2124.8
2128.6
2120.7
2124.8
2120.8
2124.8
2121
2120.9
2116.9
2121.2
2108.9
2121
2117
2117
2117
2109
2125.4
2121.2
2129.3
2125.6
2117.5
2133.2
2117.7
2121.7
2113.9
2110
2098.4
2082.7
2079
2079.2
2330
2067.5
2074.2
2066.8
2070.5
2074.4
2078.1
2082.2
2074.3
2078.3
2090.1
2090.1
2090.1
2086.1
2094
2093.8
2089.9
2085.9
2098
2094
2094
2089.9
2098.2
2097.9
2098.1
2098.1
2086
2090.1
2090.1
2094
2090.1
2090.2
2090.2
2094.1
2090.1
2094.1
2090.1
2094
2094
2090.2
2090.1
2090.1
2090.1
2082.1
2082.1
2090.3
2086.3
2086.2
2082.3
2090.1
2086.3
2086.2
2078.2
2086.4
2082.3
2086.4
2086.4
2082.4
2082.2
2082.4
2082.2
2086.3
2082.3
2086.3
2086.3
2086.4
2074.3
2078.3
2082.4
2082.3
2086.4
2082.4
2082.4
2082.4
2082.5
2078.6
2070.5
2078.5
2078.6
2074.6
2078.7
2079
2079.3
2079
2083.4
2083.2
2087.1
2083.2
2075.4
2083.4
2083
2075.1
2079.3
2082.9
2075.1
2079.3
2079.3
2075.6
2075.1
2067.8
2067.3
2059.5
2063.5
2067.4
2059.7
2055.9
2060
2044.7
2031.9
1928.4
2276.3
2037.1
1887.2
2105.3
2101.4
2109.3
2113.3
2113.3
2109.7
2109.4
2105.3
2121
2117.1
2121
2116.9
2109.2
2101
2113.4
2117.2
2108.8
2125.4
2112.8
2125.3
2128.9
2116.6
2124.9
2112.9
2121.3
2125.3
2121.2
2125.2
2125
2121.4
2121.2
2121.4
2117.3
2117.1
2117
2109.6
2109.6
2101.3
2109.4
2113.3
2113.2
2113.6
2109.5
2109.5
2109.7
2113.4
2105.4
2113.4
2105.6
2109.9
2109.9
2105.8
2113.8
2109.5
2109.8
2109.6
2110.1
2106
2101.9
2106.1
2106.2
2110.1
2106.2
2105.8
2106
2106.2
2102.1
2102.1
2101.8
2098.2
2098
2094
2094
2090.1
2094.4
2090.3
2082
2094.5
2090.4
2086.4
2090.6
2086.5
2074.2
2086.8
2074.2
2090.8
2094.8
2094.9
2094.8
2098.8
2086.3
2102.6
2102.6
2106.3
2098.4
2098.4
2094.7
2079.1
2102.5
2097.9
2067.3
2063.4
2062.6
2062.6
2074.5
2070.5
2074.5
2082.4
2086.2
2090.1
2082.2
2086.1
2078.2
2086.1
2082
2098
2081.8
2093.7
2097.9
2097.9
2101.5
2101.6
2089.9
2105.8
2093.5
2105.9
2098.1
2098
2098.2
2098.2
2101.5
2098.1
2098.1
2094.2
2094.2
2098.1
2097.8
2089.8
2102.1
2102.1
2098.1
2102
2098.1
2101.8
2101.9
2098.1
2106
2102.1
2105.5
2101.6
2101.8
2098
2101.6
2097.7
2094
2093.8
2094.1
2097.8
2098
2097.7
2094
2094
2094.1
2094.1
2094.1
2101.6
2097.9
2098.1
2101.6
2097.9
2102.1
2101.7
2101.8
2098.2
2094.2
2102
2102.2
2109.6
2098.2
2098.1
2110
2106.2
2110.1
2106.2
2114.1
2121.9
2106
2114.1
2106.2
2114.1
2121.9
2118
2106.1
2110.2
2110.3
2102.2
2125.6
2110.1
2110.1
2106
2114
2102.1
2102.1
2098.2
2106.2
2106.2
2106.2
2106.2
2098.5
2098.5
2090.7
2110.1
2106.7
2083.2
2153.3
2059.4
2193.4
2086.6
2082.2
2086.3
2086.3
2093.9
2094
2090.1
2094
2097.9
2097.9
2097.8
2093.8
2093.7
2093.5
2101.6
2097.7
2101.7
2101.9
2097.7
2101.7
2093.5
2101.9
2093.4
2101.8
2093.5
2093.5
2093.5
2101.8
2093.5
2089.6
2102
2098
2089.6
2085.6
2098
2085.6
2102.3
2085.7
2098
2102.3
2093.8
2102.1
2102.3
2097.9
2098.2
2098.4
2098.4
2098.4
2094.4
2098.2
2098.4
2098.2
2097.9
2089.9
2090.1
2086.4
2090.4
2090.4
2090.3
2090.4
2086.6
2089.9
2086.1
2086.3
2082.5
2086
2086
2082.2
2086.2
2082.3
2078.8
2082.5
2078.7
2082.7
2078.8
2074.9
2078.6
2075.1
2074.6
2074.6
2079
2079.3
2075
2078.6
2083
2083.2
2083
2079.3
2071
2079.3
2079.1
2071
2079.3
2071.2
2067
2075.1
2067
2075.1
2075.4
2075.1
2071
2063
2059.1
2059
2055.2
2055.3
2051.4
2051.4
2043.8
2063.7
2044.3
2024.6
2146.4
2152.9
2176.9
2137.6
2114.4
2149.2
2106.6
2118.5
2153.6
2200.2
2104
2150.2
2138.6
2084.3
2115.4
2142.8
2100.2
2127.5
2127.4
2123.7
2123.7
2159
2135.4
2143.3
2139.4
2131.6
2135.7
2135.6
2131.9
2139.5
2139.6
2147.7
2147.4
2147.7
2143.5
2139.6
2135.7
2139.6
2139.6
2139.6
2139.6
2135.7
2135.7
2131.9
2135.8
2132
2135.8
2143.8
2140.1
2135.9
2143.8
2139.8
2140.1
2140.1
2140
2144
2140.1
2143.8
2139.9
2159.4
2159.4
2163.4
2159.4
2159.5
2175.6
2140.3
2151.7
2151.7
2155.6
2155.6
2147.8
2147.8
2151.8
2140
2140
2132.4
2128.3
2128.4
2124.5
2120.5
2120.6
2116.7
2109.1
2112.9
2112.9
2112.9
2109.1
2109
2108.9
2105
2109.1
2101.4
2105
2109
2097.4
2093.7
2104.9
2109.2
2109
2105
2097.2
2097.4
2101.4
2097.2
2097.2
2093.3
2089.6
2089.9
2097.2
2089.6
2089.5
2089.5
2085.5
2085.6
2077.8
2077.8
2077.9
2073.9
2070
2073.9
2070.1
2066.1
2070
2070.1
2077.9
2062.2
2062.2
2058.4
2058.3
2054.4
2054.5
2050.6
2054.3
2046.5
2058.3
2050.3
2058.3
2046.5
2050.5
2054.3
2038.7
2050.3
2038.5
2042.4
2034.7
2038.5
2026.9
2004
2019
2023.3
2026.9
2030.9
2026.9
2008
2031.1
2007.6
2015.6
2046.4
2288.8
1101.4
2054
2218.4
2233.8
2074.2
2093.9
2109.6
1915.5
1966.2
2059.7
2063.6
2063.8
2064
2056.3
2060.3
2064.4
2061
2064.6
2068.8
2068.8
2064.8
2080.6
2084.5
2084.5
2096.7
2092.8
2096.7
2104.1
2108.2
2108
2108
2104.1
2104.6
2100.3
2077.6
2088.7
2092.8
2093
2093.1
2096.7
2093.1
2089.6
2089.4
2089.1
2093.2
2085.4
2081.6
2070.4
2062.2
2058.4
2054.6
2050.7
2050.7
2042.8
2046.7
2042.8
2046.7
2046.7
2058.4
2054.6
2062.4
2058.5
2054.6
2066.3
2066.3
2058.5
2070.3
2070.3
2074.2
2074.1
2074.1
2074
2077.9
2081.9
2081.8
2085.8
2089.7
2081.9
2081.9
2085.9
2078.3
2074.3
2074.4
2059
2062.7
2062.7
2054.9
2066.6
2070.4
2062.6
2066.5
2074.2
2062.5
2066.3
2070.3
2058.5
2070.4
2070.2
2070.1
2073.9
2070.3
2081.9
2077.9
2077.8
2077.9
2070
2066.3
2066.1
2069.9
2073.9
2073.8
2070
2069.9
2051.1
2070
2054.3
2054.6
2061.9
2027.4
2050.4
2046.3
2034.5
2023.1
2065.7
2011
2002.9
1932.8
1960.6
2104.6
2118.1
2137.7
2137.5
2141.7
2137.8
2138
2126.6
2142
2146
2135.2
2150.2
2154.9
2150.4
2143.3
2150.9
2158.7
2143.5
2155.4
2151.6
2151
2151.3
2128.3
2151.6
2159.6
2143.7
2147.4
2147.5
2147.5
2155.6
2152
2152
2151.6
2151.6
2159.4
2167.5
2167.6
2163.4
2167.8
2159.6
2167.6
2155.8
2144.7
2156
2144.1
2144.1
2140.4
2140.2
2136.4
2132.5
2124.6
2124.6
2116.8
2117.2
2120.7
2120.7
2124.8
2116.8
2116.8
2112.9
2109.1
2121
2113.4
2112.9
2112.9
2109
2105.2
2113.4
2105.1
2105.1
2105.3
2113.3
2105.3
2101.3
2097.4
2093.5
2097.3
2093.7
2089.6
2101.4
2101.3
2093.5
2097.4
2097.4
2097.5
2097.4
2089.8
2093.6
2101.6
2097.4
2101.4
2101.4
2101.3
2113.1
2117
2121
2113.2
2109.1
2113.1
2109.2
2113.1
2113.2
2101.4
2085.8
2093.5
2089.6
2093.5
2093.9
2093.5
2113
2101.3
2109
2113
2124.7
2105.2
2109.2
2132.6
2128.7
2125.1
2117.1
2128.7
2120.9
2120.9
2117
2105.4
2113.2
2097.5
2093.8
2073.9
2066.1
2066.5
2077.9
2054.6
2050.7
2062.4
2070.4
2124.8
2300.4
2003.5
2046.5
2089.2
2124.8
2133.7
2125.8
2114
2093.9
2106.8
2110.8
2122.6
2126.2
2114.7
2107.7
2103.5
2111.4
2103.8
2103.9
2107.6
2119.3
2096.4
2103.9
2107.8
2104.1
2104.1
2096.3
2108.1
2100.4
2104.3
2085.2
2100.6
2089
2104.6
2104.5
2100.6
2100.7
2092.8
2077.5
2088.9
2077.6
2092.9
2092.9
2092.8
2092.8
2092.8
2085.3
2088.9
2085.3
2085
2089
2093.2
2081.2
2085.4
2073.5
2065.6
2065.7
2065.8
2061.9
2058.3
2061.8
2061.9
2065.9
2061.9
2054.2
2061.9
2061.9
2058
2061.9
2066.1
2066.3
2070.3
2074.2
2085.3
2089.4
2089.4
2074
2085.2
2097
2097.4
2097
2104.8
2097.4
2104.8
2082
2093
2112.8
2108.6
2104.6
2120.3
2104.8
2105
2101
2089.8
2097
2062.6
2069.7
2050.7
2058.3
2065.9
2062.1
2070.2
2069.8
2085.5
2085.6
2069.9
2069.8
2077.7
2054.1
2050.7
2046.7
2042.6
2043.1
2042.4
2046.5
2039.1
2034.9
2038.7
2034.9
2034.7
2046.4
2042.9
2038.7
2030.8
2034.7
2027.1
2027.2
2023.4
2050.9
2031.1
2046.4
2050.4
2015.5
2034.5
2050.2
2042.6
2061.9
2050.2
2046.3
2046.4
2050.3
2038.4
2038.5
2030.7
2042.3
2026.7
2030.6
2026.8
2007.5
2034.4
2015.4
2030.8
2030.8
2030.6
2011.1
2034.4
2049.9
