810.67
693.65
1272.6
674.47
674.89
745.12
714.02
725.8
737.52
737.73
765
765.07
776.86
780.83
788.72
796.67
800.43
808.38
812.36
812.29
808.81
816.13
820.24
820.1
820.31
824.01
828.12
824.29
820.52
831.89
832.17
835.86
832.17
839.77
836
839.77
840.05
847.79
843.96
851.56
848.07
851.7
844.1
847.72
840.12
843.89
843.96
843.96
844.03
847.93
851.77
851.77
851.91
859.65
855.81
863.41
859.79
859.37
855.6
851.7
855.67
855.74
859.44
859.37
859.44
863.41
863.48
855.74
855.74
851.84
851.84
847.86
851.63
851.7
847.86
847.79
859.3
855.6
863.2
866.9
866.76
870.73
847.72
866.76
862.92
858.67
859.02
843.32
850.85
831.47
804.13
425.78
773.02
1304.3
780.76
784.67
792.62
792.69
781.12
784.95
785.02
784.53
843.68
822.88
749.24
871.23
1183.1
848.35
772.81
776.72
737.52
880.55
945.22
1122.7
941.46
980.09
921.86
933.65
937.48
922.14
984.35
906.66
898.92
902.82
902.75
895.29
902.68
898.71
894.94
887.27
875.41
871.51
867.6
867.6
863.7
863.7
848.21
863.7
867.67
871.58
871.65
871.72
871.65
871.65
871.72
875.62
875.62
875.69
875.69
875.69
871.72
871.86
871.79
867.88
867.88
867.95
867.88
867.95
868.02
871.93
875.83
879.81
879.81
879.81
879.81
879.81
879.81
879.81
879.88
875.97
876.05
876.05
872.07
876.12
876.12
876.19
880.02
880.02
876.4
883.93
887.83
887.76
883.86
876.19
875.97
872.07
876.05
872.35
876.12
872.28
868.44
891.88
884.14
888.32
852.89
582.01
851.63
851.21
862.71
915.66
913.7
858.95
843.68
851.42
847.58
839.98
836
835.93
832.17
828.26
824.5
832.1
828.47
832.17
832.38
832.24
824.5
820.59
808.88
801.07
808.88
812.71
816.62
820.52
824.5
832.17
828.4
828.55
828.55
836.22
840.05
840.19
839.98
840.19
840.19
836.43
840.19
840.26
844.24
844.03
844.24
840.47
848
844.31
840.54
840.54
840.54
848
832.87
840.47
840.47
821.23
821.23
817.46
829.04
829.11
829.11
825.27
825.27
836.92
836.92
825.41
833.08
836.99
829.32
829.32
836.99
833.15
836.99
833.22
837.06
829.46
833.29
837.13
841.04
833.29
841.04
844.87
856.17
844.94
852.61
856.38
848.64
852.19
848.35
840.75
840.68
840.68
836.99
848.85
860.07
863.98
859.93
863.98
868.02
868.09
840.68
868.16
574.2
848.71
926.61
949.83
846.74
831.75
850.99
855.11
859.16
839.7
843.75
855.6
859.65
863.56
863.63
863.7
863.77
860
867.81
867.95
867.95
860.07
852.12
852.19
863.91
867.74
864.05
864.05
871.65
875.62
879.53
875.83
875.9
883.58
887.48
887.41
891.25
891.39
887.55
887.34
891.39
891.46
891.46
891.46
891.53
891.74
895.5
891.46
891.67
884.07
887.9
887.83
887.9
884.07
872.63
887.97
880.37
884.28
888.04
891.81
891.81
891.88
891.88
884.21
888.11
880.37
876.61
880.37
884.21
884.21
887.97
876.54
876.61
876.61
865.1
865.1
865.1
857.36
857.36
888.32
861.27
853.6
857.5
869.15
865.24
888.54
892.44
892.37
900.11
892.44
880.93
900.04
896.07
888.32
888.18
892.3
900.11
903.95
911.9
911.55
896.07
896
903.81
896.07
911.83
915.52
873.19
1015
863.06
972
956.66
937.06
937.55
933.36
948.92
922.07
941.32
933.57
937.27
933.65
929.67
922.14
926.19
922.35
930.16
930.16
934.07
941.74
941.88
941.95
945.78
945.64
942.16
942.16
945.92
942.23
942.37
942.37
934.91
938.75
942.72
942.72
942.65
935.12
931.36
931.36
931.36
931.36
938.89
935.19
938.96
935.19
927.45
935.12
931.22
927.31
931.22
931.15
923.55
927.24
927.31
923.4
927.24
923.4
927.24
927.24
931.08
931.08
931.08
931.08
931.08
927.24
927.24
927.17
931.01
923.26
927.1
930.93
931.01
931.08
927.17
934.91
931.01
923.4
931.08
934.77
934.91
923.47
931.08
927.45
934.91
927.45
923.55
927.45
931.08
923.55
923.62
927.45
931.29
939.03
938.96
927.59
942.86
946.63
939.17
946.77
943.14
935.54
935.61
946.98
946.91
931.85
943.21
927.73
931.36
935.12
950.95
966.37
954.86
966.37
950.74
970.62
958.7
978.29
869.96
835.02
1281.7
862.5
862.5
858.88
862.71
855.04
859.16
855.32
855.53
867.32
867.39
867.6
875.41
875.48
883.36
879.6
887.41
895.29
895.43
895.71
899.48
899.62
899.62
895.85
895.71
899.69
899.9
903.81
907.78
911.69
915.59
919.43
919.64
923.55
927.45
927.38
923.55
923.55
923.62
923.55
919.64
923.55
919.64
923.62
923.62
927.52
931.43
931.43
931.43
935.33
935.4
939.24
935.54
939.45
943.21
939.52
943.42
947.33
943.42
950.95
947.4
947.33
951.17
951.31
951.38
947.47
951.38
951.31
947.54
943.71
951.38
928.15
943.64
939.8
951.31
958.98
939.73
955.07
955.21
947.47
962.67
962.95
962.95
966.93
963.09
967
967
967
967.07
967.07
970.98
967.07
971.05
967.14
967.14
967.14
963.23
970.98
967.07
967.07
963.23
955.49
963.16
951.59
959.33
947.68
947.75
947.75
963.16
959.26
947.75
943.85
951.45
947.26
943.5
947.54
959.19
966.86
970.2
958.98
954.72
951.17
950.95
943.21
977.45
852.61
878.4
883.58
864.26
864.19
863.91
856.1
852.19
852.19
856.1
859.93
863.84
867.74
867.74
871.65
867.67
871.65
867.74
871.72
871.72
871.65
875.62
875.62
871.65
871.79
871.72
871.72
871.86
871.79
871.93
871.86
871.93
875.83
875.76
875.83
875.83
871.79
875.83
871.86
871.86
871.93
871.93
875.9
875.83
875.9
875.97
875.9
876.05
875.97
875.97
875.97
876.05
876.05
875.97
875.97
872.07
872.21
872.21
872.28
872.07
872.14
872.21
872.28
876.05
876.05
872.28
872.28
876.12
872.21
872.21
872.21
872.28
872.21
872.21
876.12
876.19
876.19
876.12
876.19
876.19
876.19
880.09
876.19
876.19
876.26
876.19
868.66
868.52
864.75
857.08
864.68
860.84
860.84
856.73
879.46
775.41
898.64
814.12
798.92
790.89
810.07
806.1
798.42
809.79
809.86
802.26
809.86
809.93
813.91
810.14
810.07
806.24
802.4
802.4
787.69
802.61
798.99
802.68
799.06
802.75
806.45
791.74
799.13
802.75
1185.6
1185.7
799.41
802.89
799.27
806.73
803.03
803.39
1185.9
807.08
803.74
810.92
814.47
814.61
814.82
818.37
818.52
1197.8
818.8
826.19
819.08
819.36
829.95
826.47
829.95
826.47
833.86
830.37
833.93
833.93
826.47
833.93
833.93
833.86
837.76
837.69
837.97
841.53
841.46
837.97
845.5
845.5
849.27
849.27
849.27
845.64
853.1
849.41
853.1
853.31
853.17
853.1
853.31
857.08
857.08
857.08
857.08
857.08
857.22
860.91
860.99
861.06
861.06
860.99
860.99
860.99
860.91
857.22
860.91
857.22
861.06
860.99
861.27
865.03
861.2
857.5
861.27
857.57
857.5
857.85
857.78
861.27
868.8
1247.1
861.48
1252.9
891.18
796.35
856.8
779.71
856.52
860.35
856.45
856.38
856.31
860.21
863.98
863.98
863.91
863.91
863.91
863.91
863.91
867.88
867.81
863.98
863.91
863.91
863.98
863.91
863.91
864.05
867.88
867.95
863.91
867.88
867.95
867.88
867.95
868.02
868.02
868.16
872
872.07
868.23
872
872
872.07
876.12
872.35
876.19
876.19
872.35
876.19
872.35
876.19
876.26
872.42
876.26
872.35
876.12
872.35
872.35
872.42
872.35
872.28
872.42
868.52
872.42
872.28
876.26
872.42
876.19
876.19
876.19
876.19
876.19
876.19
876.19
876.19
872.35
876.26
876.26
876.26
876.19
876.26
876.26
876.19
876.26
876.19
876.26
876.33
880.23
876.4
880.3
884.14
880.37
880.3
880.37
880.3
880.37
880.37
880.37
880.3
876.47
880.37
876.54
876.61
876.82
873.05
872.98
869.15
868.94
868.8
580.7
849.97
584.68
1229.7
867.81
891.74
837.41
531.23
821.58
821.51
825.48
825.48
821.51
821.44
817.53
817.53
813.63
805.88
829.18
809.65
809.58
798
805.67
813.49
813.49
824.99
809.65
821.16
821.16
824.92
821.23
821.23
809.72
813.63
817.53
828.97
821.37
821.37
825.27
832.94
829.11
829.11
829.18
825.34
821.44
829.18
813.84
829.18
829.25
825.34
817.6
825.27
813.7
809.79
809.79
821.37
817.46
821.37
513.11
821.37
813.63
790.4
817.53
817.53
821.44
813.63
794.24
512.97
809.79
798.14
790.4
778.69
805.95
809.86
825.41
817.67
802.05
512.48
813.77
817.67
813.77
798.14
802.05
821.44
790.33
524.97
790.33
1177.1
521.06
517.09
1169.2
521.13
521.13
798.07
521.06
515.61
1192.6
525.25
525.18
519.52
525.18
1188.8
529.23
529.16
528.88
1192.8
1192.8
1196.7
528.73
528.95
1173.3
1181
1173.4
1181
1169.5
1169.6
1165.6
1188.9
1157.8
1173.5
1165.8
1165.9
553.22
550.76
549.25
565.29
1201.8
1222.4
1215.9
829.74
611.53
698.01
876.05
825.9
845.08
810
825.41
829.32
825.55
829.25
821.65
825.41
825.34
817.74
821.51
817.67
821.44
821.44
813.77
825.27
821.44
829.18
829.18
821.58
829.18
833.15
833.15
833.15
836.99
840.89
840.96
841.04
844.8
841.11
841.11
845.01
844.8
845.01
845.01
845.01
848.78
844.94
845.01
848.78
845.01
844.87
844.87
844.94
845.08
844.87
844.94
844.94
844.87
841.18
844.94
844.94
841.25
845.01
845.01
848.92
845.15
845.15
845.15
848.99
848.78
852.82
852.89
852.82
852.89
852.68
856.73
852.89
852.89
852.96
852.96
852.96
849.13
852.89
853.03
852.82
849.2
849.2
852.89
853.03
852.89
849.13
849.2
849.2
853.03
849.2
849.2
852.89
849.27
852.96
849.34
852.96
853.1
849.27
853.1
849.27
852.96
853.1
853.17
856.87
857.01
856.94
856.87
857.01
853.17
857.08
857.01
857.15
857.08
853.31
856.87
853.31
857.08
853.31
853.38
849.55
853.24
853.1
853.03
849.27
849.34
849.2
510.12
895.57
580.49
911.48
1109.6
1304
386.73
1062.2
1079
1304.7
709.06
1063.9
632.14
1234.1
666.87
1062.5
1074.1
655.78
492.18
1077.9
1094.6
1089.9
1086
672.11
1110.6
676.02
1114.3
1117.8
684.25
1130.4
711.73
742.83
720.66
754.62
751.07
751
758.81
766.62
763.06
762.99
770.59
763.06
766.83
766.62
774.5
751.21
728.12
793.96
770.59
782.31
782.45
774.64
786.5
782.73
794.31
783.01
798.21
790.68
806.03
813.84
821.65
821.72
810.35
818.02
825.69
833.43
829.67
841.18
841.25
845.15
845.36
852.96
849.48
860.77
864.75
864.75
864.89
868.66
868.59
864.75
860.99
860.77
856.94
856.87
856.94
856.94
838.04
860.91
860.84
860.84
860.84
864.75
845.71
857.01
857.15
857.01
853.1
849.34
853.1
853.24
856.94
856.94
857.01
860.91
857.22
857.29
857.08
857.01
853.24
860.84
849.27
803.67
845.43
826.33
845.29
810.92
845.22
849.06
849.06
849.2
860.77
856.94
856.87
856.87
856.87
852.96
849.13
814.33
560.68
837.41
845.22
833.51
802.33
814.05
833.51
825.69
833.58
798.5
821.72
798.35
786.92
794.31
813.49
789.98
786.29
821.16
770.52
1143.1
785.93
1165.6
801.14
1305.4
788.72
1275.3
930.02
602.76
1300.1
1066.2
701.95
696.71
1054.9
720.49
677.95
685.69
709.2
697.76
709.34
709.97
725.38
725.59
737.52
733.9
742.06
1171.7
754.13
746.67
758.45
774.08
797.44
782.17
782.24
770.45
782.1
789.84
751
766.69
782.24
517.16
754.9
782.24
1196.3
782.31
801.77
1208.2
794.1
817.46
798
778.62
798.07
809.79
813.77
825.48
813.98
837.27
822
826.05
849.13
834
845.57
857.01
857.36
849.83
868.94
865.24
869.08
876.89
880.72
880.93
888.39
892.58
896.28
892.79
904.3
908.13
908.34
915.94
919.85
923.97
923.83
927.73
927.73
927.73
927.73
927.73
927.87
927.94
927.8
923.83
923.9
927.8
923.83
923.83
923.9
923.9
919.92
919.92
919.99
919.99
916.09
912.32
904.3
896.56
889.03
881.22
877.31
896.49
877.24
861.9
877.1
873.26
850.32
865.66
884.56
876.89
876.89
880.65
869.36
876.61
876.68
876.47
868.66
853.1
821.93
1306.4
1220.6
790.97
818.16
818.02
817.88
837.34
794.59
810
1227
837.13
1244
1292.6
1308.7
841.25
773.87
1112.7
1038.7
995.22
988.18
965.24
972.42
1139.3
994.59
689.18
1096.3
1303.3
398.44
363.29
371.1
678.23
690.16
717.57
713.81
694.35
717.99
1253.2
706.91
726.01
718.2
1210.3
741.78
745.61
741.92
788.79
1155.9
1163.8
429.69
769.47
773.51
777.49
777.56
793.25
789.49
793.46
777.84
781.75
1203.7
785.65
777.91
797.51
805.39
762.43
782.1
489.68
497.42
809.51
805.74
821.37
798
817.53
825.41
821.44
525.18
806.17
825.69
1255.5
1259.4
833.58
833.58
841.39
833.58
841.39
833.65
837.55
841.39
841.39
841.46
841.46
841.53
849.27
853.24
849.27
849.34
849.34
830.09
841.6
853.24
845.5
841.6
833.86
849.27
833.79
849.34
814.54
837.62
826.12
806.73
806.73
814.47
841.6
818.37
826.12
837.69
841.46
841.6
825.98
849.27
841.46
845.36
849.34
857.08
864.96
868.87
868.87
872.77
865.03
849.34
853.31
845.5
849.34
857.15
849.41
845.5
845.57
841.74
845.5
834.07
837.83
849.48
857.22
861.06
841.81
857.22
857.29
853.46
857.36
861.13
861.13
861.27
857.29
857.36
865.03
861.2
865.03
865.17
869.01
865.1
842.02
857.36
872.91
865.17
865.17
865.24
869.01
869.08
869.08
869.08
869.08
869.08
869.01
869.01
865.1
861.27
861.27
861.2
853.53
857.36
861.27
857.5
849.76
849.76
861.34
865.17
857.57
853.74
876.96
865.45
818.94
850.39
846.21
873.12
865.24
869.08
865.24
861.41
861.2
853.53
845.57
829.95
829.53
817.6
533.34
525.6
556.78
607.34
1183.5
701.28
1052.5
809.86
798.07
864.26
1200.8
510.89
876.05
1264.5
901.31
1293.5
952.33
936.78
1303.6
453.9
936.36
646.57
953.17
1021.1
1157.3
645.44
952.68
1274.5
721.62
460.93
631.16
963.7
705.36
417.97
1105.5
1069.8
1304.2
1097.5
711.03
1109.5
746.46
1145
758.31
727.35
758.6
785.79
782.03
793.68
789.91
805.53
813.41
809.58
817.39
821.3
813.56
825.27
821.51
813.91
829.32
841.11
833.43
841.32
841.53
857.01
860.77
864.89
864.89
861.13
868.66
861.2
868.87
868.66
868.87
876.54
872.7
876.68
872.98
880.58
888.25
880.51
872.98
880.51
884.42
876.96
884.49
877.1
884.63
877.03
880.58
869.43
873.05
872.91
869.22
864.96
865.17
865.03
872.77
865.17
864.96
868.87
842.02
857.29
864.96
861.13
857.22
853.31
853.24
853.24
845.57
864.96
849.41
841.88
845.64
849.48
849.34
849.41
849.41
845.43
849.41
841.53
841.74
845.5
841.67
833.93
837.83
830.23
837.9
833.93
845.5
830.23
810.99
864.96
834
818.59
833.93
837.76
826.26
826.26
830.16
826.26
837.76
826.26
