339.84375 804.6875
347.65625 687.5
398.4375 1265.625
367.1875 667.96875
390.625 667.96875
386.71875 738.28125
394.53125 707.03125
398.4375 718.75
398.4375 730.46875
410.15625 730.46875
406.25 757.8125
410.15625 757.8125
414.0625 769.53125
417.96875 773.4375
421.875 781.25
429.6875 789.0625
421.875 792.96875
429.6875 800.78125
433.59375 804.6875
429.6875 804.6875
453.125 800.78125
425.78125 808.59375
437.5 812.5
429.6875 812.5
441.40625 812.5
429.6875 816.40625
441.40625 820.3125
445.3125 816.40625
453.125 812.5
433.59375 824.21875
449.21875 824.21875
437.5 828.125
449.21875 824.21875
437.5 832.03125
445.3125 828.125
437.5 832.03125
453.125 832.03125
449.21875 839.84375
453.125 835.9375
441.40625 843.75
464.84375 839.84375
449.21875 843.75
460.9375 835.9375
445.3125 839.84375
457.03125 832.03125
449.21875 835.9375
453.125 835.9375
453.125 835.9375
457.03125 835.9375
457.03125 839.84375
453.125 843.75
453.125 843.75
460.9375 843.75
457.03125 851.5625
460.9375 847.65625
449.21875 855.46875
464.84375 851.5625
441.40625 851.5625
449.21875 847.65625
449.21875 843.75
453.125 847.65625
457.03125 847.65625
445.3125 851.5625
441.40625 851.5625
445.3125 851.5625
449.21875 855.46875
453.125 855.46875
457.03125 847.65625
457.03125 847.65625
457.03125 843.75
457.03125 843.75
453.125 839.84375
445.3125 843.75
449.21875 843.75
453.125 839.84375
449.21875 839.84375
437.5 851.5625
449.21875 847.65625
437.5 855.46875
425.78125 859.375
417.96875 859.375
421.875 863.28125
445.3125 839.84375
417.96875 859.375
421.875 855.46875
402.34375 851.5625
421.875 851.5625
417.96875 835.9375
402.34375 843.75
410.15625 824.21875
410.15625 796.875
3.90625 425.78125
417.96875 765.625
421.875 1296.875
414.0625 773.4375
414.0625 777.34375
421.875 785.15625
425.78125 785.15625
433.59375 773.4375
429.6875 777.34375
433.59375 777.34375
406.25 777.34375
437.5 835.9375
367.1875 816.40625
398.4375 742.1875
449.21875 863.28125
417.96875 1175.78125
480.46875 839.84375
406.25 765.625
406.25 769.53125
398.4375 730.46875
316.40625 875
437.5 937.5
535.15625 1113.28125
445.3125 933.59375
421.875 972.65625
441.40625 914.0625
445.3125 925.78125
441.40625 929.6875
457.03125 914.0625
441.40625 976.5625
464.84375 898.4375
468.75 890.625
468.75 894.53125
464.84375 894.53125
484.375 886.71875
460.9375 894.53125
457.03125 890.625
464.84375 886.71875
472.65625 878.90625
464.84375 867.1875
464.84375 863.28125
464.84375 859.375
464.84375 859.375
464.84375 855.46875
464.84375 855.46875
472.65625 839.84375
464.84375 855.46875
468.75 859.375
468.75 863.28125
472.65625 863.28125
476.5625 863.28125
472.65625 863.28125
472.65625 863.28125
476.5625 863.28125
476.5625 867.1875
476.5625 867.1875
480.46875 867.1875
480.46875 867.1875
480.46875 867.1875
476.5625 863.28125
484.375 863.28125
480.46875 863.28125
480.46875 859.375
480.46875 859.375
484.375 859.375
480.46875 859.375
484.375 859.375
488.28125 859.375
488.28125 863.28125
488.28125 867.1875
492.1875 871.09375
492.1875 871.09375
492.1875 871.09375
492.1875 871.09375
492.1875 871.09375
492.1875 871.09375
492.1875 871.09375
496.09375 871.09375
496.09375 867.1875
500 867.1875
500 867.1875
496.09375 863.28125
503.90625 867.1875
503.90625 867.1875
507.8125 867.1875
503.90625 871.09375
503.90625 871.09375
519.53125 867.1875
503.90625 875
503.90625 878.90625
500 878.90625
500 875
507.8125 867.1875
496.09375 867.1875
496.09375 863.28125
500 867.1875
511.71875 863.28125
503.90625 867.1875
507.8125 863.28125
511.71875 859.375
511.71875 882.8125
515.625 875
531.25 878.90625
515.625 843.75
3.90625 582.03125
445.3125 843.75
421.875 843.75
410.15625 855.46875
531.25 906.25
421.875 906.25
417.96875 851.5625
437.5 835.9375
433.59375 843.75
437.5 839.84375
449.21875 832.03125
445.3125 828.125
441.40625 828.125
449.21875 824.21875
449.21875 820.3125
457.03125 816.40625
445.3125 824.21875
460.9375 820.3125
449.21875 824.21875
460.9375 824.21875
453.125 824.21875
457.03125 816.40625
457.03125 812.5
457.03125 800.78125
457.03125 792.96875
457.03125 800.78125
453.125 804.6875
453.125 808.59375
453.125 812.5
457.03125 816.40625
449.21875 824.21875
457.03125 820.3125
464.84375 820.3125
464.84375 820.3125
457.03125 828.125
453.125 832.03125
460.9375 832.03125
449.21875 832.03125
460.9375 832.03125
460.9375 832.03125
468.75 828.125
460.9375 832.03125
464.84375 832.03125
468.75 835.9375
457.03125 835.9375
468.75 835.9375
476.5625 832.03125
460.9375 839.84375
472.65625 835.9375
480.46875 832.03125
480.46875 832.03125
480.46875 832.03125
460.9375 839.84375
488.28125 824.21875
476.5625 832.03125
476.5625 832.03125
492.1875 812.5
492.1875 812.5
500 808.59375
492.1875 820.3125
496.09375 820.3125
496.09375 820.3125
500 816.40625
500 816.40625
496.09375 828.125
496.09375 828.125
507.8125 816.40625
500 824.21875
500 828.125
507.8125 820.3125
507.8125 820.3125
500 828.125
503.90625 824.21875
500 828.125
507.8125 824.21875
503.90625 828.125
515.625 820.3125
511.71875 824.21875
507.8125 828.125
507.8125 832.03125
511.71875 824.21875
507.8125 832.03125
503.90625 835.9375
480.46875 847.65625
507.8125 835.9375
500 843.75
492.1875 847.65625
496.09375 839.84375
476.5625 843.75
480.46875 839.84375
492.1875 832.03125
488.28125 832.03125
488.28125 832.03125
500 828.125
507.8125 839.84375
480.46875 851.5625
480.46875 855.46875
472.65625 851.5625
480.46875 855.46875
488.28125 859.375
492.1875 859.375
488.28125 832.03125
496.09375 859.375
3.90625 574.21875
500 839.84375
488.28125 917.96875
476.5625 941.40625
390.625 839.84375
425.78125 824.21875
410.15625 843.75
421.875 847.65625
429.6875 851.5625
433.59375 832.03125
441.40625 835.9375
449.21875 847.65625
457.03125 851.5625
457.03125 855.46875
460.9375 855.46875
464.84375 855.46875
468.75 855.46875
476.5625 851.5625
476.5625 859.375
484.375 859.375
484.375 859.375
480.46875 851.5625
472.65625 843.75
476.5625 843.75
476.5625 855.46875
472.65625 859.375
484.375 855.46875
484.375 855.46875
472.65625 863.28125
476.5625 867.1875
476.5625 871.09375
488.28125 867.1875
492.1875 867.1875
484.375 875
484.375 878.90625
480.46875 878.90625
476.5625 882.8125
484.375 882.8125
488.28125 878.90625
476.5625 878.90625
484.375 882.8125
488.28125 882.8125
488.28125 882.8125
488.28125 882.8125
492.1875 882.8125
503.90625 882.8125
496.09375 886.71875
488.28125 882.8125
500 882.8125
511.71875 875
507.8125 878.90625
503.90625 878.90625
507.8125 878.90625
511.71875 875
527.34375 863.28125
511.71875 878.90625
523.4375 871.09375
523.4375 875
515.625 878.90625
507.8125 882.8125
507.8125 882.8125
511.71875 882.8125
511.71875 882.8125
519.53125 875
519.53125 878.90625
523.4375 871.09375
531.25 867.1875
523.4375 871.09375
519.53125 875
519.53125 875
511.71875 878.90625
527.34375 867.1875
531.25 867.1875
531.25 867.1875
542.96875 855.46875
542.96875 855.46875
542.96875 855.46875
546.875 847.65625
546.875 847.65625
531.25 878.90625
546.875 851.5625
554.6875 843.75
554.6875 847.65625
550.78125 859.375
550.78125 855.46875
542.96875 878.90625
542.96875 882.8125
539.0625 882.8125
535.15625 890.625
542.96875 882.8125
554.6875 871.09375
531.25 890.625
527.34375 886.71875
531.25 878.90625
523.4375 878.90625
535.15625 882.8125
535.15625 890.625
531.25 894.53125
539.0625 902.34375
519.53125 902.34375
527.34375 886.71875
523.4375 886.71875
523.4375 894.53125
527.34375 886.71875
535.15625 902.34375
523.4375 906.25
558.59375 863.28125
410.15625 1007.8125
429.6875 855.46875
406.25 964.84375
421.875 949.21875
417.96875 929.6875
445.3125 929.6875
429.6875 925.78125
425.78125 941.40625
453.125 914.0625
437.5 933.59375
441.40625 925.78125
429.6875 929.6875
445.3125 925.78125
441.40625 921.875
457.03125 914.0625
464.84375 917.96875
468.75 914.0625
468.75 921.875
468.75 921.875
468.75 925.78125
460.9375 933.59375
468.75 933.59375
472.65625 933.59375
468.75 937.5
460.9375 937.5
484.375 933.59375
484.375 933.59375
476.5625 937.5
488.28125 933.59375
496.09375 933.59375
496.09375 933.59375
515.625 925.78125
511.71875 929.6875
515.625 933.59375
515.625 933.59375
511.71875 933.59375
527.34375 925.78125
535.15625 921.875
535.15625 921.875
535.15625 921.875
535.15625 921.875
519.53125 929.6875
531.25 925.78125
523.4375 929.6875
531.25 925.78125
535.15625 917.96875
527.34375 925.78125
527.34375 921.875
527.34375 917.96875
527.34375 921.875
523.4375 921.875
535.15625 914.0625
523.4375 917.96875
527.34375 917.96875
527.34375 914.0625
523.4375 917.96875
527.34375 914.0625
523.4375 917.96875
523.4375 917.96875
519.53125 921.875
519.53125 921.875
519.53125 921.875
519.53125 921.875
519.53125 921.875
523.4375 917.96875
523.4375 917.96875
519.53125 917.96875
515.625 921.875
519.53125 914.0625
515.625 917.96875
511.71875 921.875
515.625 921.875
519.53125 921.875
519.53125 917.96875
515.625 925.78125
515.625 921.875
527.34375 914.0625
519.53125 921.875
507.8125 925.78125
515.625 925.78125
531.25 914.0625
519.53125 921.875
535.15625 917.96875
515.625 925.78125
535.15625 917.96875
535.15625 914.0625
535.15625 917.96875
519.53125 921.875
535.15625 914.0625
539.0625 914.0625
535.15625 917.96875
531.25 921.875
527.34375 929.6875
523.4375 929.6875
542.96875 917.96875
523.4375 933.59375
515.625 937.5
535.15625 929.6875
523.4375 937.5
539.0625 933.59375
550.78125 925.78125
554.6875 925.78125
535.15625 937.5
531.25 937.5
562.5 921.875
542.96875 933.59375
550.78125 917.96875
535.15625 921.875
527.34375 925.78125
539.0625 941.40625
527.34375 957.03125
539.0625 945.3125
527.34375 957.03125
527.34375 941.40625
546.875 960.9375
535.15625 949.21875
539.0625 968.75
378.90625 863.28125
390.625 828.125
468.75 1273.4375
398.4375 855.46875
398.4375 855.46875
414.0625 851.5625
410.15625 855.46875
417.96875 847.65625
429.6875 851.5625
433.59375 847.65625
445.3125 847.65625
449.21875 859.375
453.125 859.375
464.84375 859.375
464.84375 867.1875
468.75 867.1875
472.65625 875
480.46875 871.09375
480.46875 878.90625
484.375 886.71875
492.1875 886.71875
507.8125 886.71875
500 890.625
507.8125 890.625
507.8125 890.625
515.625 886.71875
507.8125 886.71875
511.71875 890.625
523.4375 890.625
523.4375 894.53125
527.34375 898.4375
527.34375 902.34375
527.34375 906.25
523.4375 910.15625
535.15625 910.15625
535.15625 914.0625
535.15625 917.96875
531.25 917.96875
535.15625 914.0625
535.15625 914.0625
539.0625 914.0625
535.15625 914.0625
535.15625 910.15625
535.15625 914.0625
535.15625 910.15625
539.0625 914.0625
539.0625 914.0625
539.0625 917.96875
539.0625 921.875
539.0625 921.875
539.0625 921.875
539.0625 925.78125
542.96875 925.78125
539.0625 929.6875
550.78125 925.78125
550.78125 929.6875
542.96875 933.59375
554.6875 929.6875
554.6875 933.59375
554.6875 937.5
554.6875 933.59375
539.0625 941.40625
558.59375 937.5
554.6875 937.5
550.78125 941.40625
558.59375 941.40625
562.5 941.40625
562.5 937.5
562.5 941.40625
558.59375 941.40625
566.40625 937.5
570.3125 933.59375
562.5 941.40625
574.21875 917.96875
566.40625 933.59375
570.3125 929.6875
558.59375 941.40625
550.78125 949.21875
566.40625 929.6875
550.78125 945.3125
558.59375 945.3125
562.5 937.5
539.0625 953.125
554.6875 953.125
554.6875 953.125
558.59375 957.03125
562.5 953.125
562.5 957.03125
562.5 957.03125
562.5 957.03125
566.40625 957.03125
566.40625 957.03125
566.40625 960.9375
566.40625 957.03125
570.3125 960.9375
570.3125 957.03125
570.3125 957.03125
570.3125 957.03125
570.3125 953.125
566.40625 960.9375
566.40625 957.03125
566.40625 957.03125
570.3125 953.125
574.21875 945.3125
566.40625 953.125
574.21875 941.40625
570.3125 949.21875
574.21875 937.5
578.125 937.5
578.125 937.5
566.40625 953.125
566.40625 949.21875
578.125 937.5
578.125 933.59375
566.40625 941.40625
550.78125 937.5
558.59375 933.59375
566.40625 937.5
562.5 949.21875
554.6875 957.03125
523.4375 960.9375
550.78125 949.21875
531.25 945.3125
550.78125 941.40625
539.0625 941.40625
542.96875 933.59375
492.1875 968.75
500 843.75
414.0625 871.09375
484.375 875
496.09375 855.46875
492.1875 855.46875
476.5625 855.46875
476.5625 847.65625
476.5625 843.75
476.5625 843.75
476.5625 847.65625
472.65625 851.5625
472.65625 855.46875
472.65625 859.375
472.65625 859.375
472.65625 863.28125
468.75 859.375
472.65625 863.28125
472.65625 859.375
476.5625 863.28125
476.5625 863.28125
472.65625 863.28125
476.5625 867.1875
476.5625 867.1875
472.65625 863.28125
480.46875 863.28125
476.5625 863.28125
476.5625 863.28125
484.375 863.28125
480.46875 863.28125
488.28125 863.28125
484.375 863.28125
488.28125 863.28125
488.28125 867.1875
484.375 867.1875
488.28125 867.1875
488.28125 867.1875
480.46875 863.28125
488.28125 867.1875
484.375 863.28125
484.375 863.28125
488.28125 863.28125
488.28125 863.28125
492.1875 867.1875
488.28125 867.1875
492.1875 867.1875
496.09375 867.1875
492.1875 867.1875
500 867.1875
496.09375 867.1875
496.09375 867.1875
496.09375 867.1875
500 867.1875
500 867.1875
496.09375 867.1875
496.09375 867.1875
496.09375 863.28125
503.90625 863.28125
503.90625 863.28125
507.8125 863.28125
496.09375 863.28125
500 863.28125
503.90625 863.28125
507.8125 863.28125
500 867.1875
500 867.1875
507.8125 863.28125
507.8125 863.28125
503.90625 867.1875
503.90625 863.28125
503.90625 863.28125
503.90625 863.28125
507.8125 863.28125
503.90625 863.28125
503.90625 863.28125
503.90625 867.1875
507.8125 867.1875
507.8125 867.1875
503.90625 867.1875
507.8125 867.1875
507.8125 867.1875
507.8125 867.1875
507.8125 871.09375
507.8125 867.1875
507.8125 867.1875
511.71875 867.1875
507.8125 867.1875
523.4375 859.375
515.625 859.375
523.4375 855.46875
531.25 847.65625
519.53125 855.46875
523.4375 851.5625
523.4375 851.5625
511.71875 847.65625
472.65625 871.09375
550.78125 765.625
453.125 890.625
531.25 804.6875
554.6875 789.0625
542.96875 781.25
523.4375 800.78125
519.53125 796.875
527.34375 789.0625
507.8125 800.78125
511.71875 800.78125
523.4375 792.96875
511.71875 800.78125
515.625 800.78125
519.53125 804.6875
527.34375 800.78125
523.4375 800.78125
527.34375 796.875
531.25 792.96875
531.25 792.96875
582.03125 777.34375
542.96875 792.96875
558.59375 789.0625
546.875 792.96875
562.5 789.0625
550.78125 792.96875
539.0625 796.875
589.84375 781.25
566.40625 789.0625
550.78125 792.96875
773.4375 1171.875
781.25 1171.875
582.03125 789.0625
558.59375 792.96875
574.21875 789.0625
554.6875 796.875
566.40625 792.96875
585.9375 792.96875
789.0625 1171.875
574.21875 796.875
605.46875 792.96875
570.3125 800.78125
550.78125 804.6875
558.59375 804.6875
570.3125 804.6875
550.78125 808.59375
558.59375 808.59375
800.78125 1183.59375
574.21875 808.59375
550.78125 816.40625
589.84375 808.59375
605.46875 808.59375
542.96875 820.3125
566.40625 816.40625
542.96875 820.3125
566.40625 816.40625
542.96875 824.21875
566.40625 820.3125
546.875 824.21875
546.875 824.21875
566.40625 816.40625
546.875 824.21875
546.875 824.21875
542.96875 824.21875
542.96875 828.125
539.0625 828.125
554.6875 828.125
535.15625 832.03125
531.25 832.03125
554.6875 828.125
539.0625 835.9375
539.0625 835.9375
531.25 839.84375
531.25 839.84375
531.25 839.84375
546.875 835.9375
527.34375 843.75
539.0625 839.84375
527.34375 843.75
539.0625 843.75
531.25 843.75
527.34375 843.75
539.0625 843.75
531.25 847.65625
531.25 847.65625
531.25 847.65625
531.25 847.65625
531.25 847.65625
539.0625 847.65625
527.34375 851.5625
531.25 851.5625
535.15625 851.5625
535.15625 851.5625
531.25 851.5625
531.25 851.5625
531.25 851.5625
527.34375 851.5625
539.0625 847.65625
527.34375 851.5625
539.0625 847.65625
535.15625 851.5625
531.25 851.5625
546.875 851.5625
539.0625 855.46875
542.96875 851.5625
554.6875 847.65625
546.875 851.5625
558.59375 847.65625
554.6875 847.65625
574.21875 847.65625
570.3125 847.65625
546.875 851.5625
531.25 859.375
718.75 1234.375
558.59375 851.5625
824.21875 1238.28125
472.65625 882.8125
628.90625 785.15625
515.625 847.65625
355.46875 773.4375
500 847.65625
496.09375 851.5625
496.09375 847.65625
492.1875 847.65625
488.28125 847.65625
488.28125 851.5625
480.46875 855.46875
480.46875 855.46875
476.5625 855.46875
476.5625 855.46875
476.5625 855.46875
476.5625 855.46875
476.5625 855.46875
480.46875 859.375
476.5625 859.375
480.46875 855.46875
476.5625 855.46875
476.5625 855.46875
480.46875 855.46875
476.5625 855.46875
476.5625 855.46875
484.375 855.46875
480.46875 859.375
484.375 859.375
476.5625 855.46875
480.46875 859.375
484.375 859.375
480.46875 859.375
484.375 859.375
488.28125 859.375
488.28125 859.375
496.09375 859.375
492.1875 863.28125
496.09375 863.28125
500 859.375
492.1875 863.28125
492.1875 863.28125
496.09375 863.28125
503.90625 867.1875
511.71875 863.28125
507.8125 867.1875
507.8125 867.1875
511.71875 863.28125
507.8125 867.1875
511.71875 863.28125
507.8125 867.1875
511.71875 867.1875
515.625 863.28125
511.71875 867.1875
511.71875 863.28125
503.90625 867.1875
511.71875 863.28125
511.71875 863.28125
515.625 863.28125
511.71875 863.28125
507.8125 863.28125
515.625 863.28125
515.625 859.375
515.625 863.28125
507.8125 863.28125
511.71875 867.1875
515.625 863.28125
507.8125 867.1875
507.8125 867.1875
507.8125 867.1875
507.8125 867.1875
507.8125 867.1875
507.8125 867.1875
507.8125 867.1875
507.8125 867.1875
511.71875 863.28125
511.71875 867.1875
511.71875 867.1875
511.71875 867.1875
507.8125 867.1875
511.71875 867.1875
511.71875 867.1875
507.8125 867.1875
511.71875 867.1875
507.8125 867.1875
511.71875 867.1875
515.625 867.1875
515.625 871.09375
519.53125 867.1875
519.53125 871.09375
515.625 875
523.4375 871.09375
519.53125 871.09375
523.4375 871.09375
519.53125 871.09375
523.4375 871.09375
523.4375 871.09375
523.4375 871.09375
519.53125 871.09375
523.4375 867.1875
523.4375 871.09375
527.34375 867.1875
531.25 867.1875
542.96875 867.1875
550.78125 863.28125
546.875 863.28125
550.78125 859.375
539.0625 859.375
531.25 859.375
148.4375 578.125
570.3125 839.84375
152.34375 582.03125
835.9375 1214.84375
476.5625 859.375
503.90625 882.8125
523.4375 828.125
3.90625 531.25
511.71875 812.5
507.8125 812.5
511.71875 816.40625
511.71875 816.40625
507.8125 812.5
503.90625 812.5
503.90625 808.59375
503.90625 808.59375
503.90625 804.6875
507.8125 796.875
500 820.3125
500 800.78125
496.09375 800.78125
503.90625 789.0625
496.09375 796.875
496.09375 804.6875
496.09375 804.6875
484.375 816.40625
500 800.78125
488.28125 812.5
488.28125 812.5
480.46875 816.40625
492.1875 812.5
492.1875 812.5
503.90625 800.78125
503.90625 804.6875
503.90625 808.59375
488.28125 820.3125
500 812.5
500 812.5
500 816.40625
492.1875 824.21875
496.09375 820.3125
496.09375 820.3125
500 820.3125
503.90625 816.40625
503.90625 812.5
500 820.3125
515.625 804.6875
500 820.3125
503.90625 820.3125
503.90625 816.40625
507.8125 808.59375
500 816.40625
507.8125 804.6875
507.8125 800.78125
507.8125 800.78125
500 812.5
500 808.59375
500 812.5
82.03125 511.71875
500 812.5
503.90625 804.6875
515.625 781.25
503.90625 808.59375
503.90625 808.59375
503.90625 812.5
503.90625 804.6875
511.71875 785.15625
74.21875 511.71875
507.8125 800.78125
511.71875 789.0625
515.625 781.25
515.625 769.53125
511.71875 796.875
511.71875 800.78125
507.8125 816.40625
511.71875 808.59375
511.71875 792.96875
46.875 511.71875
511.71875 804.6875
511.71875 808.59375
511.71875 804.6875
511.71875 789.0625
511.71875 792.96875
503.90625 812.5
511.71875 781.25
89.84375 523.4375
511.71875 781.25
515.625 1167.96875
89.84375 519.53125
85.9375 515.625
511.71875 1160.15625
93.75 519.53125
93.75 519.53125
507.8125 789.0625
89.84375 519.53125
3.90625 515.625
511.71875 1183.59375
105.46875 523.4375
101.5625 523.4375
3.90625 519.53125
101.5625 523.4375
515.625 1179.6875
109.375 527.34375
105.46875 527.34375
89.84375 527.34375
523.4375 1183.59375
523.4375 1183.59375
519.53125 1187.5
82.03125 527.34375
93.75 527.34375
523.4375 1164.0625
519.53125 1171.875
531.25 1164.0625
519.53125 1171.875
531.25 1160.15625
535.15625 1160.15625
531.25 1156.25
523.4375 1179.6875
531.25 1148.4375
535.15625 1164.0625
539.0625 1156.25
546.875 1156.25
140.625 550.78125
3.90625 550.78125
136.71875 546.875
160.15625 562.5
585.9375 1191.40625
648.4375 1210.9375
722.65625 1203.125
531.25 820.3125
125 609.375
156.25 695.3125
500 867.1875
535.15625 816.40625
515.625 835.9375
519.53125 800.78125
507.8125 816.40625
507.8125 820.3125
515.625 816.40625
503.90625 820.3125
515.625 812.5
507.8125 816.40625
503.90625 816.40625
515.625 808.59375
507.8125 812.5
511.71875 808.59375
503.90625 812.5
503.90625 812.5
511.71875 804.6875
500 816.40625
503.90625 812.5
500 820.3125
500 820.3125
511.71875 812.5
500 820.3125
503.90625 824.21875
503.90625 824.21875
503.90625 824.21875
500 828.125
500 832.03125
503.90625 832.03125
507.8125 832.03125
500 835.9375
511.71875 832.03125
511.71875 832.03125
511.71875 835.9375
500 835.9375
511.71875 835.9375
511.71875 835.9375
511.71875 835.9375
503.90625 839.84375
507.8125 835.9375
511.71875 835.9375
503.90625 839.84375
511.71875 835.9375
503.90625 835.9375
503.90625 835.9375
507.8125 835.9375
515.625 835.9375
503.90625 835.9375
507.8125 835.9375
507.8125 835.9375
503.90625 835.9375
515.625 832.03125
507.8125 835.9375
507.8125 835.9375
519.53125 832.03125
511.71875 835.9375
511.71875 835.9375
511.71875 839.84375
519.53125 835.9375
519.53125 835.9375
519.53125 835.9375
515.625 839.84375
503.90625 839.84375
511.71875 843.75
515.625 843.75
511.71875 843.75
515.625 843.75
503.90625 843.75
511.71875 847.65625
515.625 843.75
515.625 843.75
519.53125 843.75
519.53125 843.75
519.53125 843.75
523.4375 839.84375
515.625 843.75
523.4375 843.75
511.71875 843.75
527.34375 839.84375
527.34375 839.84375
515.625 843.75
523.4375 843.75
515.625 843.75
523.4375 839.84375
527.34375 839.84375
527.34375 839.84375
523.4375 843.75
527.34375 839.84375
527.34375 839.84375
515.625 843.75
531.25 839.84375
519.53125 843.75
535.15625 839.84375
519.53125 843.75
527.34375 843.75
531.25 839.84375
527.34375 843.75
531.25 839.84375
519.53125 843.75
527.34375 843.75
531.25 843.75
519.53125 847.65625
527.34375 847.65625
523.4375 847.65625
519.53125 847.65625
527.34375 847.65625
531.25 843.75
531.25 847.65625
527.34375 847.65625
535.15625 847.65625
531.25 847.65625
539.0625 843.75
519.53125 847.65625
539.0625 843.75
531.25 847.65625
539.0625 843.75
542.96875 843.75
546.875 839.84375
535.15625 843.75
527.34375 843.75
523.4375 843.75
531.25 839.84375
535.15625 839.84375
527.34375 839.84375
132.8125 507.8125
500 886.71875
136.71875 578.125
515.625 902.34375
457.03125 1101.5625
406.25 1296.875
3.90625 386.71875
429.6875 1054.6875
492.1875 1070.3125
445.3125 1296.875
335.9375 703.125
519.53125 1054.6875
402.34375 625
429.6875 1226.5625
378.90625 660.15625
445.3125 1054.6875
437.5 1066.40625
414.0625 648.4375
3.90625 492.1875
433.59375 1070.3125
492.1875 1085.9375
445.3125 1082.03125
449.21875 1078.125
453.125 664.0625
511.71875 1101.5625
453.125 667.96875
500 1105.46875
476.5625 1109.375
476.5625 675.78125
527.34375 1121.09375
484.375 703.125
476.5625 734.375
546.875 710.9375
480.46875 746.09375
500 742.1875
496.09375 742.1875
496.09375 750
496.09375 757.8125
515.625 753.90625
511.71875 753.90625
500 761.71875
515.625 753.90625
507.8125 757.8125
496.09375 757.8125
500 765.625
507.8125 742.1875
527.34375 718.75
496.09375 785.15625
500 761.71875
500 773.4375
507.8125 773.4375
507.8125 765.625
515.625 777.34375
523.4375 773.4375
515.625 785.15625
539.0625 773.4375
515.625 789.0625
531.25 781.25
515.625 796.875
515.625 804.6875
515.625 812.5
519.53125 812.5
539.0625 800.78125
531.25 808.59375
523.4375 816.40625
519.53125 824.21875
527.34375 820.3125
515.625 832.03125
519.53125 832.03125
519.53125 835.9375
531.25 835.9375
519.53125 843.75
542.96875 839.84375
519.53125 851.5625
523.4375 855.46875
523.4375 855.46875
531.25 855.46875
523.4375 859.375
519.53125 859.375
523.4375 855.46875
531.25 851.5625
519.53125 851.5625
523.4375 847.65625
519.53125 847.65625
523.4375 847.65625
523.4375 847.65625
558.59375 828.125
527.34375 851.5625
523.4375 851.5625
523.4375 851.5625
523.4375 851.5625
523.4375 855.46875
550.78125 835.9375
527.34375 847.65625
535.15625 847.65625
527.34375 847.65625
527.34375 843.75
535.15625 839.84375
527.34375 843.75
535.15625 843.75
523.4375 847.65625
523.4375 847.65625
527.34375 847.65625
527.34375 851.5625
539.0625 847.65625
542.96875 847.65625
531.25 847.65625
527.34375 847.65625
535.15625 843.75
523.4375 851.5625
531.25 839.84375
601.5625 792.96875
535.15625 835.9375
558.59375 816.40625
527.34375 835.9375
570.3125 800.78125
523.4375 835.9375
519.53125 839.84375
519.53125 839.84375
527.34375 839.84375
519.53125 851.5625
523.4375 847.65625
519.53125 847.65625
519.53125 847.65625
519.53125 847.65625
519.53125 843.75
523.4375 839.84375
542.96875 804.6875
121.09375 558.59375
523.4375 828.125
523.4375 835.9375
523.4375 824.21875
527.34375 792.96875
527.34375 804.6875
523.4375 824.21875
523.4375 816.40625
527.34375 824.21875
531.25 789.0625
519.53125 812.5
523.4375 789.0625
539.0625 777.34375
515.625 785.15625
496.09375 804.6875
492.1875 781.25
503.90625 777.34375
488.28125 812.5
496.09375 761.71875
582.03125 1132.8125
484.375 777.34375
527.34375 1156.25
460.9375 792.96875
484.375 1296.875
421.875 781.25
550.78125 1265.625
460.9375 921.875
289.0625 597.65625
410.15625 1292.96875
433.59375 1058.59375
375 695.3125
300.78125 691.40625
453.125 1046.875
320.3125 714.84375
343.75 671.875
339.84375 679.6875
343.75 703.125
359.375 691.40625
351.5625 703.125
386.71875 703.125
375 718.75
386.71875 718.75
398.4375 730.46875
414.0625 726.5625
433.59375 734.375
437.5 1164.0625
453.125 746.09375
472.65625 738.28125
476.5625 750
476.5625 765.625
472.65625 789.0625
492.1875 773.4375
496.09375 773.4375
492.1875 761.71875
488.28125 773.4375
484.375 781.25
496.09375 742.1875
500 757.8125
496.09375 773.4375
89.84375 515.625
496.09375 746.09375
496.09375 773.4375
500 1187.5
500 773.4375
496.09375 792.96875
511.71875 1199.21875
503.90625 785.15625
500 808.59375
503.90625 789.0625
511.71875 769.53125
507.8125 789.0625
507.8125 800.78125
511.71875 804.6875
511.71875 816.40625
523.4375 804.6875
515.625 828.125
535.15625 812.5
542.96875 816.40625
523.4375 839.84375
550.78125 824.21875
542.96875 835.9375
527.34375 847.65625
546.875 847.65625
562.5 839.84375
539.0625 859.375
550.78125 855.46875
546.875 859.375
546.875 867.1875
542.96875 871.09375
554.6875 871.09375
535.15625 878.90625
550.78125 882.8125
539.0625 886.71875
562.5 882.8125
550.78125 894.53125
546.875 898.4375
558.59375 898.4375
546.875 906.25
546.875 910.15625
558.59375 914.0625
550.78125 914.0625
550.78125 917.96875
550.78125 917.96875
550.78125 917.96875
550.78125 917.96875
550.78125 917.96875
558.59375 917.96875
562.5 917.96875
554.6875 917.96875
550.78125 914.0625
554.6875 914.0625
554.6875 917.96875
550.78125 914.0625
550.78125 914.0625
554.6875 914.0625
554.6875 914.0625
550.78125 910.15625
550.78125 910.15625
554.6875 910.15625
554.6875 910.15625
554.6875 906.25
562.5 902.34375
550.78125 894.53125
554.6875 886.71875
570.3125 878.90625
570.3125 871.09375
570.3125 867.1875
550.78125 886.71875
566.40625 867.1875
582.03125 851.5625
558.59375 867.1875
562.5 863.28125
589.84375 839.84375
574.21875 855.46875
539.0625 875
546.875 867.1875
546.875 867.1875
539.0625 871.09375
562.5 859.375
531.25 867.1875
535.15625 867.1875
523.4375 867.1875
523.4375 859.375
527.34375 843.75
531.25 812.5
539.0625 1296.875
546.875 1210.9375
546.875 781.25
539.0625 808.59375
531.25 808.59375
523.4375 808.59375
519.53125 828.125
531.25 785.15625
519.53125 800.78125
687.5 1214.84375
507.8125 828.125
761.71875 1230.46875
640.625 1281.25
667.96875 1296.875
519.53125 832.03125
464.84375 765.625
414.0625 1105.46875
421.875 1031.25
394.53125 988.28125
437.5 980.46875
464.84375 957.03125
429.6875 964.84375
371.09375 1132.8125
359.375 988.28125
316.40625 683.59375
367.1875 1089.84375
367.1875 1296.875
3.90625 398.4375
3.90625 363.28125
3.90625 371.09375
359.375 671.875
371.09375 683.59375
375 710.9375
382.8125 707.03125
386.71875 687.5
398.4375 710.9375
406.25 1246.09375
433.59375 699.21875
410.15625 718.75
410.15625 710.9375
410.15625 1203.125
417.96875 734.375
414.0625 738.28125
425.78125 734.375
425.78125 781.25
425.78125 1148.4375
429.6875 1156.25
3.90625 429.6875
437.5 761.71875
445.3125 765.625
449.21875 769.53125
453.125 769.53125
457.03125 785.15625
464.84375 781.25
468.75 785.15625
468.75 769.53125
468.75 773.4375
476.5625 1195.3125
468.75 777.34375
472.65625 769.53125
476.5625 789.0625
480.46875 796.875
480.46875 753.90625
488.28125 773.4375
82.03125 488.28125
78.125 496.09375
492.1875 800.78125
500 796.875
500 812.5
503.90625 789.0625
503.90625 808.59375
507.8125 816.40625
503.90625 812.5
101.5625 523.4375
523.4375 796.875
523.4375 816.40625
535.15625 1246.09375
535.15625 1250
527.34375 824.21875
527.34375 824.21875
527.34375 832.03125
527.34375 824.21875
527.34375 832.03125
531.25 824.21875
531.25 828.125
527.34375 832.03125
527.34375 832.03125
531.25 832.03125
531.25 832.03125
535.15625 832.03125
531.25 839.84375
535.15625 843.75
531.25 839.84375
535.15625 839.84375
535.15625 839.84375
550.78125 820.3125
539.0625 832.03125
535.15625 843.75
539.0625 835.9375
539.0625 832.03125
542.96875 824.21875
531.25 839.84375
539.0625 824.21875
535.15625 839.84375
554.6875 804.6875
535.15625 828.125
546.875 816.40625
554.6875 796.875
554.6875 796.875
550.78125 804.6875
539.0625 832.03125
550.78125 808.59375
546.875 816.40625
539.0625 828.125
531.25 832.03125
539.0625 832.03125
539.0625 816.40625
531.25 839.84375
531.25 832.03125
531.25 835.9375
535.15625 839.84375
531.25 847.65625
535.15625 855.46875
535.15625 859.375
535.15625 859.375
535.15625 863.28125
539.0625 855.46875
535.15625 839.84375
539.0625 843.75
539.0625 835.9375
535.15625 839.84375
535.15625 847.65625
539.0625 839.84375
539.0625 835.9375
542.96875 835.9375
546.875 832.03125
539.0625 835.9375
554.6875 824.21875
546.875 828.125
542.96875 839.84375
539.0625 847.65625
535.15625 851.5625
550.78125 832.03125
539.0625 847.65625
542.96875 847.65625
546.875 843.75
546.875 847.65625
539.0625 851.5625
539.0625 851.5625
546.875 851.5625
542.96875 847.65625
546.875 847.65625
539.0625 855.46875
542.96875 851.5625
539.0625 855.46875
546.875 855.46875
542.96875 859.375
542.96875 855.46875
562.5 832.03125
546.875 847.65625
542.96875 863.28125
546.875 855.46875
546.875 855.46875
550.78125 855.46875
542.96875 859.375
546.875 859.375
546.875 859.375
546.875 859.375
546.875 859.375
546.875 859.375
542.96875 859.375
542.96875 859.375
542.96875 855.46875
546.875 851.5625
546.875 851.5625
542.96875 851.5625
550.78125 843.75
546.875 847.65625
546.875 851.5625
554.6875 847.65625
558.59375 839.84375
558.59375 839.84375
550.78125 851.5625
546.875 855.46875
558.59375 847.65625
562.5 843.75
550.78125 867.1875
562.5 855.46875
582.03125 808.59375
593.75 839.84375
578.125 835.9375
554.6875 863.28125
550.78125 855.46875
546.875 859.375
550.78125 855.46875
554.6875 851.5625
542.96875 851.5625
550.78125 843.75
542.96875 835.9375
542.96875 820.3125
519.53125 820.3125
507.8125 808.59375
121.09375 531.25
125 523.4375
121.09375 554.6875
109.375 605.46875
656.25 1171.875
121.09375 699.21875
539.0625 1042.96875
511.71875 800.78125
507.8125 789.0625
496.09375 855.46875
531.25 1191.40625
175.78125 507.8125
500 867.1875
597.65625 1253.90625
601.5625 890.625
476.5625 1285.15625
398.4375 945.3125
402.34375 929.6875
386.71875 1296.875
46.875 453.125
378.90625 929.6875
335.9375 640.625
445.3125 945.3125
531.25 1011.71875
503.90625 1148.4375
273.4375 640.625
417.96875 945.3125
503.90625 1265.625
382.8125 714.84375
3.90625 460.9375
347.65625 625
378.90625 957.03125
347.65625 699.21875
3.90625 417.96875
445.3125 1097.65625
417.96875 1062.5
417.96875 1296.875
433.59375 1089.84375
445.3125 703.125
453.125 1101.5625
460.9375 738.28125
472.65625 1136.71875
468.75 750
484.375 718.75
484.375 750
476.5625 777.34375
484.375 773.4375
480.46875 785.15625
488.28125 781.25
488.28125 796.875
492.1875 804.6875
496.09375 800.78125
496.09375 808.59375
496.09375 812.5
500 804.6875
500 816.40625
507.8125 812.5
519.53125 804.6875
507.8125 820.3125
511.71875 832.03125
519.53125 824.21875
523.4375 832.03125
535.15625 832.03125
527.34375 847.65625
519.53125 851.5625
531.25 855.46875
531.25 855.46875
539.0625 851.5625
523.4375 859.375
542.96875 851.5625
535.15625 859.375
523.4375 859.375
535.15625 859.375
527.34375 867.1875
531.25 863.28125
535.15625 867.1875
546.875 863.28125
535.15625 871.09375
527.34375 878.90625
531.25 871.09375
546.875 863.28125
531.25 871.09375
531.25 875
550.78125 867.1875
535.15625 875
558.59375 867.1875
542.96875 875
554.6875 867.1875
535.15625 871.09375
566.40625 859.375
550.78125 863.28125
542.96875 863.28125
554.6875 859.375
535.15625 855.46875
546.875 855.46875
539.0625 855.46875
535.15625 863.28125
546.875 855.46875
535.15625 855.46875
535.15625 859.375
562.5 832.03125
542.96875 847.65625
535.15625 855.46875
539.0625 851.5625
539.0625 847.65625
539.0625 843.75
535.15625 843.75
535.15625 843.75
542.96875 835.9375
535.15625 855.46875
539.0625 839.84375
554.6875 832.03125
546.875 835.9375
542.96875 839.84375
535.15625 839.84375
539.0625 839.84375
539.0625 839.84375
535.15625 835.9375
539.0625 839.84375
535.15625 832.03125
546.875 832.03125
539.0625 835.9375
542.96875 832.03125
546.875 824.21875
546.875 828.125
558.59375 820.3125
550.78125 828.125
546.875 824.21875
539.0625 835.9375
558.59375 820.3125
574.21875 800.78125
535.15625 855.46875
550.78125 824.21875
562.5 808.59375
546.875 824.21875
542.96875 828.125
554.6875 816.40625
554.6875 816.40625
554.6875 820.3125
554.6875 816.40625
542.96875 828.125
554.6875 816.40625
