285.15625 2269.53125
269.53125 2265.625
257.8125 2261.71875
281.25 2289.0625
285.15625 2292.96875
285.15625 1886.71875
289.0625 1972.65625
292.96875 1933.59375
316.40625 1921.875
312.5 1917.96875
328.125 1906.25
335.9375 1921.875
335.9375 1175.78125
339.84375 1910.15625
351.5625 1898.4375
355.46875 1894.53125
367.1875 1925.78125
371.09375 1941.40625
371.09375 1882.8125
375 1894.53125
367.1875 1890.625
378.90625 1898.4375
382.8125 2289.0625
382.8125 2292.96875
382.8125 2285.15625
386.71875 2292.96875
382.8125 2277.34375
390.625 2281.25
386.71875 2281.25
386.71875 2281.25
386.71875 2285.15625
386.71875 2273.4375
394.53125 2273.4375
390.625 2269.53125
390.625 2269.53125
390.625 2265.625
390.625 2269.53125
394.53125 2265.625
402.34375 2269.53125
394.53125 2261.71875
398.4375 2265.625
390.625 2253.90625
394.53125 2265.625
398.4375 2257.8125
394.53125 2257.8125
390.625 2246.09375
398.4375 2257.8125
390.625 2246.09375
398.4375 2257.8125
394.53125 2250
402.34375 2253.90625
394.53125 2242.1875
398.4375 2257.8125
398.4375 2242.1875
398.4375 2253.90625
398.4375 2242.1875
402.34375 2250
402.34375 2246.09375
394.53125 2238.28125
402.34375 2246.09375
402.34375 2250
398.4375 2246.09375
394.53125 2242.1875
402.34375 2246.09375
398.4375 2238.28125
398.4375 2246.09375
402.34375 2238.28125
398.4375 2238.28125
398.4375 2230.46875
402.34375 2234.375
402.34375 2238.28125
394.53125 2234.375
398.4375 2246.09375
398.4375 2242.1875
398.4375 2242.1875
394.53125 2234.375
398.4375 2242.1875
394.53125 2238.28125
394.53125 2246.09375
394.53125 2242.1875
394.53125 2250
398.4375 2253.90625
398.4375 2253.90625
394.53125 2253.90625
394.53125 2242.1875
398.4375 2253.90625
390.625 2238.28125
398.4375 2250
386.71875 2238.28125
394.53125 2246.09375
386.71875 2257.8125
394.53125 2253.90625
390.625 2253.90625
394.53125 2250
386.71875 2257.8125
390.625 2246.09375
390.625 2246.09375
390.625 2250
386.71875 2253.90625
382.8125 2246.09375
386.71875 2246.09375
386.71875 2234.375
394.53125 2246.09375
390.625 2250
390.625 2250
390.625 2246.09375
394.53125 2238.28125
390.625 2234.375
382.8125 2238.28125
433.59375 953.125
390.625 2242.1875
3.90625 417.96875
378.90625 2238.28125
437.5 1097.65625
378.90625 2269.53125
406.25 2265.625
378.90625 2242.1875
394.53125 2207.03125
1082.03125 2296.875
386.71875 1886.71875
371.09375 1925.78125
382.8125 1933.59375
382.8125 1933.59375
386.71875 1937.5
390.625 1941.40625
390.625 1945.3125
394.53125 1941.40625
402.34375 1941.40625
402.34375 1937.5
406.25 1941.40625
382.8125 1933.59375
414.0625 1941.40625
414.0625 1937.5
406.25 1941.40625
421.875 1941.40625
421.875 1937.5
421.875 1941.40625
425.78125 1957.03125
425.78125 1957.03125
425.78125 1960.9375
429.6875 1957.03125
421.875 1964.84375
425.78125 1960.9375
425.78125 1960.9375
425.78125 1968.75
425.78125 1968.75
425.78125 1976.5625
425.78125 1976.5625
429.6875 1984.375
425.78125 1984.375
429.6875 1988.28125
425.78125 1988.28125
433.59375 1992.1875
429.6875 1992.1875
429.6875 2000
425.78125 2003.90625
425.78125 2003.90625
425.78125 2003.90625
425.78125 2007.8125
421.875 2007.8125
417.96875 2015.625
429.6875 2011.71875
414.0625 2015.625
421.875 2019.53125
417.96875 2023.4375
417.96875 2023.4375
421.875 2027.34375
414.0625 2031.25
410.15625 2027.34375
414.0625 2035.15625
410.15625 2035.15625
421.875 2027.34375
429.6875 2035.15625
425.78125 2031.25
425.78125 2031.25
425.78125 2035.15625
421.875 2027.34375
417.96875 2023.4375
417.96875 2023.4375
429.6875 2031.25
417.96875 2019.53125
425.78125 2031.25
421.875 2031.25
425.78125 2031.25
425.78125 2031.25
425.78125 2031.25
429.6875 2027.34375
425.78125 2031.25
429.6875 2031.25
417.96875 2023.4375
433.59375 2027.34375
417.96875 2027.34375
429.6875 2027.34375
421.875 2019.53125
417.96875 2003.90625
429.6875 2003.90625
433.59375 1992.1875
429.6875 1960.9375
316.40625 2058.59375
355.46875 2035.15625
355.46875 2058.59375
335.9375 2046.875
351.5625 2046.875
359.375 2050.78125
371.09375 2046.875
375 2035.15625
382.8125 2031.25
394.53125 2027.34375
394.53125 2023.4375
398.4375 2031.25
406.25 2027.34375
406.25 2019.53125
410.15625 2015.625
414.0625 2015.625
410.15625 2015.625
417.96875 2015.625
425.78125 2015.625
425.78125 2015.625
425.78125 2015.625
421.875 2019.53125
421.875 2015.625
421.875 2015.625
421.875 2015.625
417.96875 2015.625
414.0625 2015.625
425.78125 2015.625
445.3125 2019.53125
421.875 2011.71875
429.6875 2019.53125
417.96875 2011.71875
437.5 2023.4375
425.78125 2019.53125
429.6875 2019.53125
429.6875 2019.53125
441.40625 2027.34375
441.40625 2027.34375
429.6875 2023.4375
441.40625 2031.25
437.5 2031.25
437.5 2031.25
429.6875 2027.34375
433.59375 2031.25
433.59375 2031.25
429.6875 2035.15625
433.59375 2035.15625
433.59375 2031.25
437.5 2039.0625
429.6875 2035.15625
437.5 2039.0625
433.59375 2039.0625
433.59375 2042.96875
429.6875 2042.96875
433.59375 2042.96875
429.6875 2042.96875
433.59375 2042.96875
421.875 2039.0625
421.875 2039.0625
421.875 2039.0625
421.875 2039.0625
429.6875 2039.0625
425.78125 2039.0625
433.59375 2039.0625
425.78125 2039.0625
421.875 2039.0625
421.875 2039.0625
433.59375 2039.0625
417.96875 2035.15625
425.78125 2035.15625
421.875 2035.15625
425.78125 2039.0625
421.875 2039.0625
441.40625 2042.96875
429.6875 2039.0625
429.6875 2042.96875
437.5 2042.96875
437.5 2035.15625
445.3125 2039.0625
445.3125 2031.25
449.21875 2035.15625
441.40625 2031.25
449.21875 2031.25
449.21875 2031.25
453.125 2027.34375
457.03125 2023.4375
441.40625 2011.71875
453.125 2015.625
449.21875 2000
449.21875 1984.375
453.125 1976.5625
468.75 1949.21875
414.0625 1996.09375
386.71875 2007.8125
402.34375 1996.09375
375 2011.71875
371.09375 2011.71875
375 2011.71875
367.1875 2003.90625
371.09375 2000
375 1992.1875
390.625 1992.1875
382.8125 1992.1875
386.71875 1984.375
394.53125 1980.46875
394.53125 1976.5625
398.4375 1980.46875
398.4375 1984.375
398.4375 1992.1875
414.0625 1984.375
398.4375 1988.28125
417.96875 1992.1875
406.25 1996.09375
417.96875 2000
410.15625 2003.90625
410.15625 2003.90625
414.0625 2003.90625
421.875 2003.90625
421.875 2003.90625
414.0625 2003.90625
406.25 2000
429.6875 2003.90625
445.3125 2000
445.3125 2000
414.0625 2000
429.6875 2003.90625
445.3125 2003.90625
437.5 2011.71875
429.6875 2007.8125
429.6875 2011.71875
429.6875 2011.71875
433.59375 2015.625
421.875 2015.625
453.125 2007.8125
425.78125 2019.53125
433.59375 2019.53125
414.0625 2019.53125
410.15625 2015.625
449.21875 2019.53125
429.6875 2019.53125
433.59375 2023.4375
406.25 2015.625
421.875 2019.53125
433.59375 2023.4375
425.78125 2023.4375
425.78125 2023.4375
433.59375 2027.34375
429.6875 2027.34375
421.875 2023.4375
421.875 2027.34375
425.78125 2027.34375
429.6875 2031.25
429.6875 2035.15625
425.78125 2035.15625
429.6875 2035.15625
417.96875 2031.25
417.96875 2035.15625
417.96875 2039.0625
417.96875 2039.0625
417.96875 2039.0625
417.96875 2042.96875
417.96875 2042.96875
417.96875 2042.96875
417.96875 2046.875
417.96875 2046.875
417.96875 2050.78125
414.0625 2050.78125
417.96875 2050.78125
414.0625 2050.78125
414.0625 2050.78125
417.96875 2054.6875
417.96875 2054.6875
417.96875 2054.6875
417.96875 2050.78125
417.96875 2050.78125
417.96875 2050.78125
421.875 2050.78125
421.875 2050.78125
425.78125 2046.875
429.6875 2046.875
421.875 2046.875
421.875 2042.96875
425.78125 2050.78125
425.78125 2050.78125
437.5 2054.6875
441.40625 2050.78125
445.3125 2042.96875
433.59375 2027.34375
445.3125 2035.15625
445.3125 2027.34375
445.3125 2019.53125
453.125 2015.625
449.21875 1996.09375
468.75 1992.1875
468.75 1964.84375
460.9375 1929.6875
492.1875 1910.15625
503.90625 1839.84375
363.28125 1929.6875
363.28125 1949.21875
359.375 1960.9375
363.28125 1968.75
375 1972.65625
378.90625 1976.5625
375 1968.75
367.1875 1972.65625
371.09375 1968.75
398.4375 1980.46875
394.53125 1988.28125
410.15625 1988.28125
402.34375 1988.28125
402.34375 1992.1875
429.6875 1984.375
402.34375 1992.1875
425.78125 1992.1875
445.3125 1992.1875
433.59375 1996.09375
410.15625 1988.28125
425.78125 1996.09375
421.875 1996.09375
425.78125 1996.09375
421.875 1996.09375
414.0625 1996.09375
410.15625 1996.09375
453.125 1996.09375
410.15625 1992.1875
441.40625 2000
437.5 2000
425.78125 1996.09375
429.6875 2000
437.5 2011.71875
433.59375 2011.71875
425.78125 2015.625
421.875 2019.53125
417.96875 2019.53125
425.78125 2019.53125
441.40625 2019.53125
417.96875 2019.53125
417.96875 2019.53125
441.40625 2023.4375
429.6875 2023.4375
421.875 2023.4375
441.40625 2027.34375
425.78125 2023.4375
433.59375 2023.4375
449.21875 2027.34375
464.84375 2023.4375
429.6875 2023.4375
433.59375 2019.53125
476.5625 2023.4375
464.84375 2023.4375
453.125 2019.53125
480.46875 2019.53125
464.84375 2023.4375
441.40625 2019.53125
433.59375 2011.71875
472.65625 2019.53125
457.03125 2015.625
468.75 2019.53125
476.5625 2019.53125
457.03125 2015.625
476.5625 2019.53125
468.75 2019.53125
449.21875 2011.71875
445.3125 2011.71875
464.84375 2019.53125
460.9375 2019.53125
457.03125 2019.53125
460.9375 2023.4375
460.9375 2019.53125
464.84375 2023.4375
460.9375 2023.4375
460.9375 2019.53125
460.9375 2019.53125
476.5625 2023.4375
468.75 2019.53125
468.75 2019.53125
468.75 2019.53125
464.84375 2015.625
468.75 2015.625
472.65625 2019.53125
472.65625 2019.53125
480.46875 2019.53125
480.46875 2023.4375
484.375 2023.4375
480.46875 2015.625
492.1875 2023.4375
500 2027.34375
511.71875 2023.4375
507.8125 2023.4375
464.84375 2019.53125
488.28125 2023.4375
476.5625 2023.4375
488.28125 2023.4375
480.46875 2015.625
476.5625 2015.625
476.5625 2015.625
492.1875 2007.8125
488.28125 2003.90625
484.375 1988.28125
480.46875 1980.46875
500 1976.5625
507.8125 1949.21875
511.71875 1921.875
324.21875 2093.75
332.03125 2101.5625
320.3125 2101.5625
324.21875 2097.65625
355.46875 2101.5625
335.9375 2093.75
339.84375 2089.84375
363.28125 2101.5625
359.375 2089.84375
359.375 2085.9375
359.375 2070.3125
371.09375 2066.40625
371.09375 2066.40625
378.90625 2070.3125
394.53125 2070.3125
406.25 2062.5
402.34375 2062.5
414.0625 2070.3125
414.0625 2070.3125
410.15625 2070.3125
402.34375 2054.6875
402.34375 2046.875
425.78125 2046.875
425.78125 2046.875
421.875 2050.78125
433.59375 2058.59375
433.59375 2062.5
429.6875 2066.40625
425.78125 2062.5
429.6875 2062.5
421.875 2062.5
421.875 2062.5
421.875 2058.59375
421.875 2062.5
421.875 2058.59375
421.875 2054.6875
453.125 2054.6875
445.3125 2054.6875
464.84375 2054.6875
449.21875 2054.6875
460.9375 2054.6875
445.3125 2054.6875
453.125 2054.6875
453.125 2050.78125
429.6875 2042.96875
441.40625 2042.96875
445.3125 2050.78125
449.21875 2046.875
449.21875 2046.875
449.21875 2042.96875
449.21875 2042.96875
453.125 2039.0625
453.125 2042.96875
457.03125 2042.96875
453.125 2042.96875
472.65625 2042.96875
453.125 2042.96875
457.03125 2042.96875
453.125 2039.0625
457.03125 2042.96875
460.9375 2042.96875
464.84375 2039.0625
464.84375 2039.0625
464.84375 2039.0625
464.84375 2031.25
472.65625 2031.25
464.84375 2031.25
464.84375 2031.25
464.84375 2027.34375
464.84375 2027.34375
472.65625 2031.25
480.46875 2027.34375
472.65625 2027.34375
468.75 2023.4375
472.65625 2027.34375
468.75 2023.4375
468.75 2027.34375
472.65625 2031.25
468.75 2023.4375
468.75 2023.4375
472.65625 2027.34375
476.5625 2027.34375
468.75 2027.34375
468.75 2031.25
472.65625 2031.25
468.75 2035.15625
472.65625 2035.15625
468.75 2035.15625
472.65625 2039.0625
468.75 2039.0625
488.28125 2042.96875
488.28125 2042.96875
468.75 2042.96875
472.65625 2042.96875
476.5625 2042.96875
488.28125 2042.96875
472.65625 2039.0625
468.75 2039.0625
468.75 2042.96875
484.375 2035.15625
476.5625 2042.96875
472.65625 2039.0625
484.375 2035.15625
488.28125 2035.15625
484.375 2035.15625
476.5625 2039.0625
472.65625 2015.625
472.65625 2023.4375
480.46875 2019.53125
468.75 2019.53125
464.84375 2015.625
464.84375 1992.1875
468.75 1980.46875
476.5625 1941.40625
488.28125 1914.0625
457.03125 2050.78125
484.375 2031.25
425.78125 2109.375
437.5 2097.65625
429.6875 2093.75
429.6875 2113.28125
429.6875 2113.28125
433.59375 2113.28125
441.40625 2121.09375
425.78125 2121.09375
425.78125 2117.1875
433.59375 2125
421.875 2121.09375
437.5 2128.90625
433.59375 2132.8125
429.6875 2132.8125
429.6875 2136.71875
433.59375 2132.8125
433.59375 2132.8125
410.15625 2117.1875
417.96875 2125
410.15625 2121.09375
429.6875 2132.8125
433.59375 2128.90625
433.59375 2128.90625
429.6875 2128.90625
433.59375 2132.8125
425.78125 2121.09375
425.78125 2128.90625
441.40625 2125
429.6875 2128.90625
464.84375 2121.09375
464.84375 2125
429.6875 2121.09375
425.78125 2121.09375
429.6875 2117.1875
429.6875 2121.09375
433.59375 2121.09375
429.6875 2125
429.6875 2121.09375
437.5 2125
429.6875 2121.09375
433.59375 2121.09375
437.5 2121.09375
433.59375 2121.09375
437.5 2121.09375
421.875 2109.375
421.875 2113.28125
441.40625 2117.1875
437.5 2121.09375
433.59375 2113.28125
441.40625 2117.1875
437.5 2113.28125
441.40625 2117.1875
445.3125 2113.28125
441.40625 2113.28125
437.5 2109.375
460.9375 2113.28125
425.78125 2101.5625
449.21875 2113.28125
441.40625 2109.375
445.3125 2109.375
441.40625 2109.375
433.59375 2101.5625
472.65625 2117.1875
460.9375 2113.28125
476.5625 2121.09375
484.375 2117.1875
468.75 2109.375
476.5625 2125
480.46875 2109.375
484.375 2113.28125
488.28125 2105.46875
488.28125 2101.5625
492.1875 2089.84375
488.28125 2074.21875
500 2070.3125
511.71875 2070.3125
2078.125 2292.96875
515.625 2058.59375
453.125 2066.40625
476.5625 2058.59375
460.9375 2062.5
460.9375 2066.40625
453.125 2070.3125
460.9375 2074.21875
457.03125 2066.40625
460.9375 2070.3125
464.84375 2082.03125
468.75 2082.03125
464.84375 2082.03125
460.9375 2078.125
464.84375 2085.9375
457.03125 2085.9375
457.03125 2082.03125
449.21875 2078.125
472.65625 2089.84375
468.75 2085.9375
464.84375 2085.9375
457.03125 2082.03125
480.46875 2089.84375
468.75 2089.84375
476.5625 2089.84375
476.5625 2089.84375
457.03125 2078.125
468.75 2082.03125
464.84375 2082.03125
468.75 2085.9375
464.84375 2082.03125
472.65625 2082.03125
472.65625 2082.03125
472.65625 2085.9375
468.75 2082.03125
472.65625 2085.9375
468.75 2082.03125
468.75 2085.9375
464.84375 2085.9375
472.65625 2082.03125
468.75 2082.03125
468.75 2082.03125
468.75 2082.03125
457.03125 2074.21875
457.03125 2074.21875
476.5625 2082.03125
472.65625 2078.125
468.75 2078.125
468.75 2074.21875
468.75 2082.03125
472.65625 2078.125
468.75 2078.125
457.03125 2070.3125
480.46875 2078.125
468.75 2074.21875
476.5625 2078.125
480.46875 2078.125
472.65625 2074.21875
464.84375 2074.21875
472.65625 2074.21875
464.84375 2074.21875
472.65625 2078.125
468.75 2074.21875
472.65625 2078.125
472.65625 2078.125
480.46875 2078.125
457.03125 2066.40625
464.84375 2070.3125
472.65625 2074.21875
468.75 2074.21875
480.46875 2078.125
472.65625 2074.21875
472.65625 2074.21875
472.65625 2074.21875
476.5625 2074.21875
476.5625 2070.3125
464.84375 2062.5
472.65625 2070.3125
480.46875 2070.3125
472.65625 2066.40625
484.375 2070.3125
500 2070.3125
515.625 2070.3125
503.90625 2070.3125
527.34375 2074.21875
519.53125 2074.21875
519.53125 2078.125
515.625 2074.21875
515.625 2066.40625
527.34375 2074.21875
507.8125 2074.21875
503.90625 2066.40625
519.53125 2070.3125
500 2074.21875
503.90625 2066.40625
519.53125 2070.3125
519.53125 2070.3125
527.34375 2066.40625
500 2066.40625
527.34375 2058.59375
500 2058.59375
503.90625 2050.78125
507.8125 2054.6875
507.8125 2058.59375
515.625 2050.78125
519.53125 2046.875
531.25 2050.78125
546.875 2035.15625
488.28125 2023.4375
597.65625 1917.96875
1917.96875 2242.1875
562.5 2027.34375
476.5625 1878.90625
441.40625 2097.65625
441.40625 2093.75
449.21875 2101.5625
453.125 2105.46875
453.125 2105.46875
468.75 2101.5625
457.03125 2101.5625
445.3125 2097.65625
449.21875 2113.28125
449.21875 2109.375
445.3125 2113.28125
437.5 2109.375
441.40625 2101.5625
421.875 2093.75
457.03125 2105.46875
453.125 2109.375
421.875 2101.5625
472.65625 2117.1875
425.78125 2105.46875
468.75 2117.1875
453.125 2121.09375
421.875 2109.375
449.21875 2117.1875
429.6875 2105.46875
464.84375 2113.28125
468.75 2117.1875
460.9375 2113.28125
464.84375 2117.1875
453.125 2117.1875
472.65625 2113.28125
457.03125 2113.28125
472.65625 2113.28125
460.9375 2109.375
449.21875 2109.375
441.40625 2109.375
464.84375 2101.5625
464.84375 2101.5625
437.5 2093.75
453.125 2101.5625
453.125 2105.46875
449.21875 2105.46875
472.65625 2105.46875
460.9375 2101.5625
460.9375 2101.5625
468.75 2101.5625
457.03125 2105.46875
449.21875 2097.65625
457.03125 2105.46875
460.9375 2097.65625
480.46875 2101.5625
484.375 2101.5625
468.75 2097.65625
484.375 2105.46875
460.9375 2101.5625
476.5625 2101.5625
464.84375 2101.5625
492.1875 2101.5625
480.46875 2097.65625
472.65625 2093.75
488.28125 2097.65625
492.1875 2097.65625
492.1875 2101.5625
496.09375 2097.65625
472.65625 2097.65625
480.46875 2097.65625
492.1875 2097.65625
484.375 2093.75
484.375 2093.75
468.75 2093.75
484.375 2089.84375
472.65625 2089.84375
468.75 2085.9375
468.75 2085.9375
468.75 2082.03125
488.28125 2085.9375
480.46875 2082.03125
453.125 2074.21875
496.09375 2085.9375
484.375 2082.03125
476.5625 2078.125
496.09375 2082.03125
484.375 2078.125
449.21875 2066.40625
500 2078.125
453.125 2066.40625
507.8125 2082.03125
511.71875 2085.9375
515.625 2085.9375
511.71875 2085.9375
515.625 2089.84375
472.65625 2078.125
511.71875 2093.75
511.71875 2093.75
500 2097.65625
496.09375 2089.84375
496.09375 2089.84375
507.8125 2085.9375
507.8125 2070.3125
503.90625 2093.75
468.75 2089.84375
500 2058.59375
500 2054.6875
460.9375 2054.6875
460.9375 2054.6875
468.75 2066.40625
464.84375 2062.5
468.75 2066.40625
472.65625 2074.21875
468.75 2078.125
464.84375 2082.03125
460.9375 2074.21875
460.9375 2078.125
457.03125 2070.3125
460.9375 2078.125
453.125 2074.21875
472.65625 2089.84375
437.5 2074.21875
449.21875 2085.9375
464.84375 2089.84375
468.75 2089.84375
449.21875 2093.75
453.125 2093.75
457.03125 2082.03125
472.65625 2097.65625
437.5 2085.9375
476.5625 2097.65625
476.5625 2089.84375
472.65625 2089.84375
480.46875 2089.84375
480.46875 2089.84375
449.21875 2093.75
476.5625 2089.84375
476.5625 2089.84375
480.46875 2085.9375
476.5625 2085.9375
476.5625 2089.84375
460.9375 2089.84375
453.125 2082.03125
480.46875 2093.75
480.46875 2093.75
476.5625 2089.84375
476.5625 2093.75
476.5625 2089.84375
468.75 2093.75
472.65625 2093.75
476.5625 2089.84375
484.375 2097.65625
484.375 2093.75
457.03125 2097.65625
457.03125 2093.75
464.84375 2093.75
472.65625 2089.84375
453.125 2093.75
457.03125 2089.84375
468.75 2085.9375
457.03125 2085.9375
472.65625 2085.9375
460.9375 2089.84375
472.65625 2089.84375
457.03125 2089.84375
468.75 2085.9375
468.75 2085.9375
472.65625 2085.9375
472.65625 2085.9375
472.65625 2085.9375
457.03125 2093.75
464.84375 2089.84375
476.5625 2089.84375
457.03125 2093.75
468.75 2089.84375
480.46875 2093.75
460.9375 2093.75
468.75 2093.75
480.46875 2089.84375
480.46875 2085.9375
476.5625 2093.75
488.28125 2093.75
464.84375 2101.5625
480.46875 2089.84375
476.5625 2089.84375
488.28125 2101.5625
492.1875 2097.65625
496.09375 2101.5625
492.1875 2097.65625
500 2105.46875
496.09375 2113.28125
484.375 2097.65625
500 2105.46875
492.1875 2097.65625
500 2105.46875
500 2113.28125
500 2109.375
488.28125 2097.65625
500 2101.5625
503.90625 2101.5625
488.28125 2093.75
484.375 2117.1875
496.09375 2101.5625
492.1875 2101.5625
484.375 2097.65625
492.1875 2105.46875
484.375 2093.75
480.46875 2093.75
480.46875 2089.84375
492.1875 2097.65625
496.09375 2097.65625
496.09375 2097.65625
496.09375 2097.65625
500 2089.84375
500 2089.84375
500 2082.03125
496.09375 2101.5625
519.53125 2097.65625
519.53125 2074.21875
507.8125 2144.53125
500 2050.78125
562.5 2183.59375
488.28125 2078.125
464.84375 2074.21875
472.65625 2078.125
472.65625 2078.125
460.9375 2085.9375
464.84375 2085.9375
464.84375 2082.03125
464.84375 2085.9375
464.84375 2089.84375
464.84375 2089.84375
460.9375 2089.84375
453.125 2085.9375
449.21875 2085.9375
441.40625 2085.9375
457.03125 2093.75
457.03125 2089.84375
460.9375 2093.75
472.65625 2093.75
457.03125 2089.84375
460.9375 2093.75
437.5 2085.9375
472.65625 2093.75
433.59375 2085.9375
468.75 2093.75
437.5 2085.9375
437.5 2085.9375
437.5 2085.9375
468.75 2093.75
437.5 2085.9375
437.5 2082.03125
476.5625 2093.75
472.65625 2089.84375
437.5 2082.03125
433.59375 2078.125
472.65625 2089.84375
433.59375 2078.125
492.1875 2093.75
437.5 2078.125
472.65625 2089.84375
492.1875 2093.75
457.03125 2085.9375
484.375 2093.75
492.1875 2093.75
468.75 2089.84375
484.375 2089.84375
492.1875 2089.84375
496.09375 2089.84375
496.09375 2089.84375
488.28125 2085.9375
484.375 2089.84375
492.1875 2089.84375
480.46875 2089.84375
464.84375 2089.84375
457.03125 2082.03125
468.75 2082.03125
476.5625 2078.125
484.375 2082.03125
484.375 2082.03125
480.46875 2082.03125
484.375 2082.03125
488.28125 2078.125
457.03125 2082.03125
460.9375 2078.125
472.65625 2078.125
480.46875 2074.21875
457.03125 2078.125
457.03125 2078.125
460.9375 2074.21875
464.84375 2078.125
468.75 2074.21875
492.1875 2070.3125
480.46875 2074.21875
484.375 2070.3125
488.28125 2074.21875
488.28125 2070.3125
492.1875 2066.40625
476.5625 2070.3125
503.90625 2066.40625
472.65625 2066.40625
476.5625 2066.40625
503.90625 2070.3125
515.625 2070.3125
496.09375 2066.40625
476.5625 2070.3125
507.8125 2074.21875
519.53125 2074.21875
507.8125 2074.21875
515.625 2070.3125
488.28125 2062.5
515.625 2070.3125
507.8125 2070.3125
488.28125 2062.5
519.53125 2070.3125
500 2062.5
488.28125 2058.59375
500 2066.40625
488.28125 2058.59375
500 2066.40625
515.625 2066.40625
503.90625 2066.40625
488.28125 2062.5
480.46875 2054.6875
480.46875 2050.78125
476.5625 2050.78125
480.46875 2046.875
484.375 2046.875
484.375 2042.96875
484.375 2042.96875
500 2035.15625
519.53125 2054.6875
527.34375 2035.15625
515.625 2015.625
339.84375 2140.625
265.625 2148.4375
296.875 2171.875
285.15625 2132.8125
300.78125 2109.375
277.34375 2144.53125
300.78125 2101.5625
308.59375 2113.28125
304.6875 2148.4375
289.0625 2195.3125
371.09375 2097.65625
332.03125 2144.53125
339.84375 2132.8125
359.375 2078.125
351.5625 2109.375
355.46875 2136.71875
375 2093.75
375 2121.09375
371.09375 2121.09375
378.90625 2117.1875
378.90625 2117.1875
390.625 2152.34375
378.90625 2128.90625
382.8125 2136.71875
382.8125 2132.8125
386.71875 2125
394.53125 2128.90625
390.625 2128.90625
402.34375 2125
390.625 2132.8125
394.53125 2132.8125
414.0625 2140.625
394.53125 2140.625
414.0625 2140.625
398.4375 2136.71875
394.53125 2132.8125
394.53125 2128.90625
398.4375 2132.8125
394.53125 2132.8125
398.4375 2132.8125
398.4375 2132.8125
394.53125 2128.90625
394.53125 2128.90625
402.34375 2125
402.34375 2128.90625
410.15625 2125
402.34375 2128.90625
410.15625 2136.71875
421.875 2132.8125
410.15625 2128.90625
414.0625 2136.71875
410.15625 2132.8125
421.875 2132.8125
425.78125 2132.8125
417.96875 2132.8125
421.875 2136.71875
421.875 2132.8125
414.0625 2136.71875
414.0625 2132.8125
414.0625 2152.34375
414.0625 2152.34375
417.96875 2156.25
414.0625 2152.34375
417.96875 2152.34375
441.40625 2167.96875
433.59375 2132.8125
417.96875 2144.53125
417.96875 2144.53125
417.96875 2148.4375
417.96875 2148.4375
417.96875 2140.625
417.96875 2140.625
421.875 2144.53125
417.96875 2132.8125
417.96875 2132.8125
429.6875 2125
421.875 2121.09375
425.78125 2121.09375
425.78125 2117.1875
421.875 2113.28125
425.78125 2113.28125
425.78125 2109.375
437.5 2101.5625
433.59375 2105.46875
433.59375 2105.46875
429.6875 2105.46875
437.5 2101.5625
433.59375 2101.5625
425.78125 2101.5625
425.78125 2097.65625
437.5 2101.5625
441.40625 2093.75
425.78125 2097.65625
433.59375 2101.5625
441.40625 2089.84375
449.21875 2085.9375
421.875 2097.65625
445.3125 2101.5625
429.6875 2101.5625
429.6875 2097.65625
429.6875 2089.84375
437.5 2089.84375
441.40625 2093.75
425.78125 2089.84375
429.6875 2089.84375
425.78125 2085.9375
441.40625 2082.03125
457.03125 2082.03125
429.6875 2089.84375
437.5 2082.03125
433.59375 2082.03125
433.59375 2082.03125
429.6875 2078.125
433.59375 2078.125
433.59375 2070.3125
433.59375 2070.3125
437.5 2070.3125
433.59375 2066.40625
433.59375 2062.5
437.5 2066.40625
441.40625 2062.5
437.5 2058.59375
437.5 2062.5
441.40625 2062.5
437.5 2070.3125
433.59375 2054.6875
437.5 2054.6875
441.40625 2050.78125
437.5 2050.78125
437.5 2046.875
441.40625 2046.875
441.40625 2042.96875
433.59375 2046.875
429.6875 2039.0625
437.5 2050.78125
425.78125 2042.96875
437.5 2050.78125
433.59375 2039.0625
437.5 2042.96875
433.59375 2046.875
429.6875 2031.25
425.78125 2042.96875
421.875 2031.25
421.875 2035.15625
425.78125 2027.34375
421.875 2031.25
429.6875 2019.53125
457.03125 1996.09375
421.875 2011.71875
445.3125 2015.625
425.78125 2019.53125
433.59375 2023.4375
429.6875 2019.53125
460.9375 2000
441.40625 2023.4375
441.40625 2000
449.21875 2007.8125
425.78125 2039.0625
437.5 2281.25
437.5 1093.75
414.0625 2046.875
433.59375 2210.9375
421.875 2226.5625
449.21875 2066.40625
460.9375 2085.9375
464.84375 2101.5625
316.40625 1910.15625
308.59375 1960.9375
296.875 2054.6875
296.875 2058.59375
308.59375 2058.59375
316.40625 2058.59375
324.21875 2050.78125
332.03125 2054.6875
339.84375 2058.59375
371.09375 2054.6875
351.5625 2058.59375
367.1875 2062.5
367.1875 2062.5
363.28125 2058.59375
375 2074.21875
371.09375 2078.125
375 2078.125
402.34375 2089.84375
398.4375 2085.9375
398.4375 2089.84375
375 2097.65625
386.71875 2101.5625
375 2101.5625
375 2101.5625
375 2097.65625
406.25 2097.65625
382.8125 2093.75
425.78125 2070.3125
390.625 2082.03125
398.4375 2085.9375
410.15625 2085.9375
417.96875 2085.9375
398.4375 2089.84375
417.96875 2085.9375
437.5 2082.03125
429.6875 2082.03125
414.0625 2082.03125
421.875 2085.9375
421.875 2078.125
429.6875 2074.21875
457.03125 2062.5
437.5 2054.6875
441.40625 2050.78125
445.3125 2046.875
445.3125 2042.96875
449.21875 2042.96875
445.3125 2035.15625
445.3125 2039.0625
445.3125 2035.15625
445.3125 2039.0625
441.40625 2039.0625
441.40625 2050.78125
445.3125 2046.875
445.3125 2054.6875
445.3125 2050.78125
445.3125 2046.875
449.21875 2058.59375
449.21875 2058.59375
449.21875 2050.78125
449.21875 2062.5
449.21875 2062.5
449.21875 2066.40625
445.3125 2066.40625
445.3125 2066.40625
441.40625 2066.40625
441.40625 2070.3125
445.3125 2074.21875
441.40625 2074.21875
445.3125 2078.125
445.3125 2082.03125
445.3125 2074.21875
445.3125 2074.21875
453.125 2078.125
460.9375 2070.3125
457.03125 2066.40625
460.9375 2066.40625
476.5625 2050.78125
464.84375 2054.6875
464.84375 2054.6875
464.84375 2046.875
460.9375 2058.59375
457.03125 2062.5
460.9375 2054.6875
457.03125 2058.59375
453.125 2066.40625
453.125 2054.6875
449.21875 2058.59375
453.125 2062.5
445.3125 2050.78125
457.03125 2062.5
445.3125 2062.5
441.40625 2062.5
437.5 2066.40625
449.21875 2062.5
445.3125 2074.21875
437.5 2070.3125
433.59375 2070.3125
441.40625 2070.3125
433.59375 2062.5
449.21875 2058.59375
437.5 2058.59375
429.6875 2062.5
433.59375 2066.40625
429.6875 2066.40625
433.59375 2062.5
429.6875 2062.5
472.65625 2042.96875
433.59375 2062.5
429.6875 2046.875
445.3125 2046.875
417.96875 2054.6875
457.03125 2019.53125
429.6875 2042.96875
421.875 2039.0625
417.96875 2027.34375
433.59375 2015.625
414.0625 2058.59375
410.15625 2003.90625
394.53125 1996.09375
406.25 1925.78125
433.59375 1953.125
402.34375 2097.65625
289.0625 2113.28125
289.0625 2132.8125
281.25 2132.8125
296.875 2136.71875
296.875 2132.8125
308.59375 2132.8125
324.21875 2121.09375
312.5 2136.71875
320.3125 2140.625
367.1875 2128.90625
335.9375 2144.53125
378.90625 2148.4375
347.65625 2144.53125
382.8125 2136.71875
375 2144.53125
375 2152.34375
398.4375 2136.71875
406.25 2148.4375
410.15625 2144.53125
378.90625 2144.53125
394.53125 2144.53125
421.875 2121.09375
410.15625 2144.53125
421.875 2152.34375
406.25 2136.71875
398.4375 2140.625
402.34375 2140.625
402.34375 2140.625
417.96875 2148.4375
433.59375 2144.53125
433.59375 2144.53125
410.15625 2144.53125
410.15625 2144.53125
410.15625 2152.34375
425.78125 2160.15625
433.59375 2160.15625
414.0625 2156.25
441.40625 2160.15625
421.875 2152.34375
433.59375 2160.15625
425.78125 2148.4375
460.9375 2136.71875
441.40625 2148.4375
429.6875 2136.71875
429.6875 2136.71875
441.40625 2132.8125
429.6875 2132.8125
433.59375 2128.90625
433.59375 2125
433.59375 2117.1875
433.59375 2117.1875
433.59375 2109.375
453.125 2109.375
433.59375 2113.28125
433.59375 2113.28125
441.40625 2117.1875
433.59375 2109.375
429.6875 2109.375
433.59375 2105.46875
437.5 2101.5625
449.21875 2113.28125
460.9375 2105.46875
433.59375 2105.46875
433.59375 2105.46875
433.59375 2101.5625
437.5 2097.65625
457.03125 2105.46875
433.59375 2097.65625
433.59375 2097.65625
441.40625 2097.65625
453.125 2105.46875
445.3125 2097.65625
437.5 2093.75
437.5 2089.84375
441.40625 2085.9375
433.59375 2089.84375
449.21875 2085.9375
437.5 2082.03125
441.40625 2093.75
437.5 2093.75
437.5 2085.9375
437.5 2089.84375
441.40625 2089.84375
445.3125 2089.84375
441.40625 2089.84375
449.21875 2082.03125
445.3125 2085.9375
453.125 2093.75
437.5 2089.84375
441.40625 2093.75
441.40625 2093.75
437.5 2093.75
441.40625 2105.46875
441.40625 2109.375
449.21875 2113.28125
449.21875 2105.46875
437.5 2101.5625
441.40625 2105.46875
445.3125 2101.5625
441.40625 2105.46875
449.21875 2105.46875
445.3125 2093.75
445.3125 2078.125
441.40625 2085.9375
441.40625 2082.03125
441.40625 2085.9375
460.9375 2085.9375
437.5 2085.9375
437.5 2105.46875
437.5 2093.75
433.59375 2101.5625
437.5 2105.46875
437.5 2117.1875
437.5 2097.65625
441.40625 2101.5625
441.40625 2125
441.40625 2121.09375
457.03125 2117.1875
449.21875 2109.375
441.40625 2121.09375
441.40625 2113.28125
441.40625 2113.28125
441.40625 2109.375
449.21875 2097.65625
449.21875 2105.46875
445.3125 2089.84375
453.125 2085.9375
437.5 2066.40625
437.5 2058.59375
457.03125 2058.59375
437.5 2070.3125
445.3125 2046.875
445.3125 2042.96875
445.3125 2054.6875
457.03125 2062.5
441.40625 2117.1875
433.59375 2292.96875
429.6875 1996.09375
433.59375 2039.0625
417.96875 2082.03125
226.5625 2121.09375
285.15625 2128.90625
281.25 2121.09375
277.34375 2109.375
246.09375 2089.84375
308.59375 2101.5625
316.40625 2105.46875
320.3125 2117.1875
300.78125 2121.09375
316.40625 2109.375
359.375 2101.5625
343.75 2097.65625
347.65625 2105.46875
359.375 2097.65625
363.28125 2097.65625
355.46875 2101.5625
355.46875 2113.28125
382.8125 2089.84375
367.1875 2097.65625
367.1875 2101.5625
378.90625 2097.65625
378.90625 2097.65625
378.90625 2089.84375
382.8125 2101.5625
386.71875 2093.75
390.625 2097.65625
410.15625 2078.125
398.4375 2093.75
406.25 2082.03125
406.25 2097.65625
398.4375 2097.65625
398.4375 2093.75
402.34375 2093.75
402.34375 2085.9375
417.96875 2070.3125
398.4375 2082.03125
425.78125 2070.3125
406.25 2085.9375
406.25 2085.9375
398.4375 2085.9375
402.34375 2085.9375
402.34375 2085.9375
417.96875 2078.125
402.34375 2082.03125
417.96875 2078.125
402.34375 2078.125
406.25 2082.03125
421.875 2085.9375
406.25 2074.21875
421.875 2078.125
414.0625 2066.40625
410.15625 2058.59375
414.0625 2058.59375
417.96875 2058.59375
417.96875 2054.6875
433.59375 2050.78125
414.0625 2054.6875
417.96875 2054.6875
421.875 2058.59375
417.96875 2054.6875
425.78125 2046.875
421.875 2054.6875
421.875 2054.6875
421.875 2050.78125
417.96875 2054.6875
437.5 2058.59375
449.21875 2058.59375
449.21875 2062.5
449.21875 2066.40625
417.96875 2078.125
425.78125 2082.03125
429.6875 2082.03125
441.40625 2066.40625
414.0625 2078.125
417.96875 2089.84375
437.5 2089.84375
417.96875 2089.84375
414.0625 2097.65625
437.5 2089.84375
417.96875 2097.65625
449.21875 2074.21875
410.15625 2085.9375
425.78125 2105.46875
410.15625 2101.5625
406.25 2097.65625
410.15625 2113.28125
417.96875 2097.65625
429.6875 2097.65625
421.875 2093.75
453.125 2082.03125
414.0625 2089.84375
460.9375 2054.6875
417.96875 2062.5
445.3125 2042.96875
433.59375 2050.78125
421.875 2058.59375
429.6875 2054.6875
445.3125 2062.5
421.875 2062.5
425.78125 2078.125
433.59375 2078.125
429.6875 2062.5
421.875 2062.5
429.6875 2070.3125
421.875 2046.875
445.3125 2042.96875
441.40625 2039.0625
433.59375 2035.15625
460.9375 2035.15625
421.875 2035.15625
429.6875 2039.0625
453.125 2031.25
437.5 2027.34375
429.6875 2031.25
437.5 2027.34375
429.6875 2027.34375
425.78125 2039.0625
449.21875 2035.15625
429.6875 2031.25
429.6875 2023.4375
425.78125 2027.34375
441.40625 2019.53125
445.3125 2019.53125
449.21875 2015.625
460.9375 2042.96875
445.3125 2023.4375
425.78125 2039.0625
429.6875 2042.96875
445.3125 2007.8125
417.96875 2027.34375
417.96875 2042.96875
429.6875 2035.15625
421.875 2054.6875
421.875 2042.96875
421.875 2039.0625
425.78125 2039.0625
425.78125 2042.96875
417.96875 2031.25
421.875 2031.25
421.875 2023.4375
414.0625 2035.15625
417.96875 2019.53125
414.0625 2023.4375
421.875 2019.53125
433.59375 2000
410.15625 2027.34375
441.40625 2007.8125
425.78125 2023.4375
425.78125 2023.4375
414.0625 2023.4375
417.96875 2003.90625
410.15625 2027.34375
402.34375 2042.96875
