7.7052 6.2506
8.7225 6.1487
9.9808 7.5065
11.868 7.6562
9.1927 6.174
5.9727 8.7143
5.1073 7.1469
9.945 7.2965
11.428 6.8701
6.0859 5.5981
4.8454 9.7594
6.1819 8.5659
6.1524 8.1124
9.2149 7.7841
4.6806 7.2643
6.2996 8.9252
0.63858 7.3739
10.666 6.1803
9.0115 8.8222
6.3018 9.1819
10.641 10.274
8.7967 9.6022
9.6074 5.9275
8.4246 8.0795
9.1123 8.3213
6.4147 5.0885
13.781 12.768
3.7336 5.7576
9.313 6.3109
8.8849 10.509
9.7134 8.2449
7.8952 6.3409
6.541 7.8356
3.113 6.4954
6.6781 6.4601
2.6367 4.6004
7.3307 6.5268
5.2217 6.2007
11.602 8.2893
6.4476 8.6489
5.9145 6.8779
3.6502 6.4256
9.1606 9.4871
6.4241 7.4681
6.3721 7.7013
5.2943 4.0522
3.6672 6.3136
10.671 8.6076
6.9425 6.3581
8.4984 7.8277
10.019 7.2942
9.3604 5.718
5.1484 7.077
6.4882 10.051
10.257 7.152
8.0984 5.5686
7.7864 6.7763
7.3992 10.308
6.836 7.4584
8.5612 6.687
9.0648 7.8687
7.1418 5.9695
7.0883 6.6227
8.5418 6.5067
11.273 6.2122
7.4566 9.1908
11.279 7.0371
4.9002 7.116
6.6212 5.7669
6.826 8.0882
8.8689 7.8674
6.6753 7.1984
11.931 10.133
5.141 6.0468
6.9319 5.8912
5.2832 4.3663
10.222 7.21
3.2694 6.4048
7.2531 6.6621
6.8233 7.0221
8.9662 8.2644
5.7821 9.1296
5.8497 10.215
6.4967 7.9424
11.899 8.4247
6.8034 9.6266
10.038 9.4282
8.3266 6.9303
3.402 5.8034
8.5614 8.6581
6.4076 5.3548
5.4248 8.009
6.6915 7.4164
7.6544 8.7071
8.9248 7.4537
8.79 10.541
8.9428 8.1408
7.5101 9.5678
12.058 8.7555
9.2614 6.5644
9.1813 8.3958
6.5454 7.0403
6.1653 5.4825
8.2656 10.828
12.16 9.7021
8.0123 3.496
11.802 7.2759
7.7009 3.4792
11.649 6.763
9.1776 8.5878
8.9694 6.6791
6.6132 6.3525
3.6035 7.2884
8.5409 6.8668
7.6339 9.1574
6.845 8.4937
10.412 5.9129
9.9366 6.5412
0.89284 5.7767
3.6901 7.7282
7.8469 10.94
4.8636 5.1409
5.5628 6.6324
10.857 5.9583
9.8783 10.137
5.5803 4.8351
8.4719 10.559
6.8484 8.2043
6.5779 6.3088
7.7172 5.2244
13.525 11.446
10.394 6.2111
7.505 8.2576
5.752 6.3331
8.9045 6.5913
6.2027 10.867
12.365 8.5152
11.217 7.0836
1.8018 7.7621
5.9546 6.2974
6.7331 8.8078
5.846 4.5089
3.5573 8.0033
9.0088 10.354
7.8385 12.74
6.0791 6.728
7.4195 7.8336
6.3723 6.1815
5.4161 7.9977
8.0025 7.5509
7.2762 7.7492
8.5175 8.9063
8.033 8.4039
7.8232 7.2664
4.9678 6.6247
6.6146 9.7299
0.9868 4.6783
6.0476 10.142
8.6008 5.7037
9.3571 9.7119
8.3201 7.5975
7.415 6.8339
8.8989 8.1994
9.561 5.5214
3.8769 9.5899
6.1834 6.9442
8.3961 5.2324
9.59 7.6604
7.4804 7.4893
6.3604 9.9291
6.0141 5.8723
6.3216 8.228
9.5448 6.3881
10.519 8.5684
7.8969 7.0024
11.404 9.332
5.5555 9.1916
7.2983 8.6947
6.7088 5.3758
8.5291 5.9963
5.9343 7.8431
10.685 9.2176
8.1729 6.5521
9.8517 6.9984
8.9544 8.1321
8.5212 9.6806
8.4129 6.2975
9.1971 8.0992
2.1387 5.6693
9.9075 6.9945
8.2743 9.6937
7.4519 6.7178
9.3049 8.5306
9.8811 10.405
7.1597 4.1994
7.5205 7.089
7.9157 8.877
7.2453 6.6283
5.7617 7.3852
9.9526 7.3692
10.379 7.4947
8.0874 8.5478
7.9156 6.6665
7.2702 10.1
5.2031 4.3564
6.5611 9.3912
7.9757 5.5521
7.8147 6.0687
5.8077 8.0897
5.6665 7.3599
11.617 7.2177
3.6882 7.4314
6.1833 6.553
7.6722 5.6869
7.2209 7.6514
6.7524 10.172
8.5973 10.696
6.4691 8.5102
9.9946 8.0079
9.6386 9.4867
6.0754 6.2054
4.512 7.9664
8.8347 7.6739
6.9568 8.2313
6.8376 5.6636
8.2074 5.1554
4.7474 5.4849
8.7913 7.6618
6.6547 7.5507
9.0244 9.9059
6.1752 3.5585
6.1977 7.2247
1.0378 3.8342
6.9138 6.8858
6.9905 5.7065
9.1892 7.0836
7.1026 9.2782
4.9571 8.8418
10.266 8.067
8.8701 9.4756
10.704 9.7791
6.0203 6.9876
7.8095 8.2911
6.9267 7.781
5.9565 7.4945
2.7662 4.9802
6.4908 6.9755
5.7642 6.458
10.889 6.1483
4.3203 7.2407
7.0434 5.3065
4.4958 8.0993
2.3969 5.6109
7.522 4.1484
9.4623 9.5036
4.726 4.1247
7.0933 8.5371
8.7103 5.8565
6.1069 6.8423
6.6525 7.8374
6.6533 7.2694
7.6379 7.5478
2.8856 5.1942
9.4875 8.5787
8.2257 7.0606
6.1713 6.7205
7.7457 6.8619
4.7334 6.4108
12.215 8.4409
5.2327 6.6094
14.256 9.1504
8.2564 9.5572
5.9477 4.7757
6.4118 8.0466
7.7541 7.476
7.8467 8.2883
8.5356 7.9632
8.4923 6.5475
8.0983 9.5859
7.4353 7.6517
5.8409 7.1603
11.583 8.9396
6.9037 8.082
7.756 9.0846
8.696 7.9785
6.2981 7.9821
6.2714 9.0308
6.6589 7.1154
6.7451 6.0966
6.3838 8.8007
9.3455 9.0761
10.726 7.6379
8.0835 7.2793
7.7523 7.2666
9.2477 8.2987
7.567 7.7852
5.2134 4.6695
7.7798 6.7735
5.4371 6.6132
9.3504 6.8976
7.3884 9.395
5.6133 6.274
9.5929 6.9317
6.9024 10.083
4.6123 7.2082
7.2427 8.3386
6.7693 6.5806
3.5294 7.9952
6.7982 7.0505
6.628 6.157
8.7364 10.948
6.4921 8.5365
8.3064 7.6557
6.1816 6.9694
8.9766 7.653
9.371 7.3389
6.3235 7.5053
8.5823 9.1015
6.0146 8.7822
5.847 7.8845
2.9019 3.3516
10.882 4.5706
6.4139 5.1134
2.1245 7.1796
8.3547 7.2962
8.0678 8.36
6.8149 9.7799
7.9775 8.1412
8.3992 8.8025
6.0467 8.8977
6.4841 6.5096
9.0729 7.0111
12.693 7.3492
6.8919 9.9638
8.6482 6.9925
7.3504 5.9913
9.2176 8.1386
10.611 8.9941
8.7432 9.2368
6.4291 4.2129
8.3767 8.3568
6.1791 8.3516
8.2143 11.446
7.3806 7.1113
6.1924 8.8695
3.4418 4.5451
9.6517 10.312
7.1912 7.2188
11.713 5.4845
6.9506 8.7157
4.7115 7.0878
11.701 8.3783
7.3087 5.8324
6.8172 8.3813
8.8458 7.1755
7.2263 6.3883
3.7404 5.6988
5.9523 7.7708
10.855 8.8891
5.8079 5.3462
5.7256 7.687
7.1713 6.6676
7.7816 7.223
6.1345 6.7241
5.4356 9.423
6.1394 6.6831
7.5456 6.7262
8.3197 8.0765
7.263 5.8176
6.9301 8.6752
8.3982 8.2377
6.0364 4.1652
6.9682 7.7672
9.7552 8.2549
9.5046 8.0126
6.6448 4.0187
7.2843 8.9089
9.3258 6.6596
7.0746 5.3238
6.3103 6.4544
8.8796 8.3377
10.016 6.3805
8.104 7.7237
4.9617 5.5591
2.2106 4.9666
6.3854 5.231
5.4188 6.2942
7.8385 7.8429
6.0624 6.9845
8.9688 8.4524
6.9336 11.136
4.8899 9.1899
5.2177 6.5224
9.6954 7.4203
7.9275 9.6226
5.4399 7.3084
2.2718 6.5231
11.401 6.6604
7.7557 6.0084
5.6699 8.3904
7.1056 8.0315
6.3065 7.8007
7.8277 10.663
5.636 6.293
9.2427 6.7866
8.2443 7.078
5.6246 5.5301
6.446 8.0215
6.733 6.5236
8.8214 7.8555
4.8847 8.2849
6.4865 6.3055
4.1797 4.9074
11.713 7.6509
7.84 7.5147
6.4865 6.2506
8.3781 8.0989
7.5938 5.7209
8.75 8.0077
4.9621 8.235
4.3971 7.5509
7.6202 5.1559
7.9549 8.4436
4.8874 4.7614
6.0543 7.2263
8.0056 9.8018
8.8034 6.8133
6.1656 6.8698
9.6031 8.2693
10.365 11.085
6.9541 9.4386
5.0884 5.5697
6.6283 4.75
8.4419 8.7796
5.6769 7.4634
7.3038 6.5319
8.4466 7.3057
5.7178 9.0078
10.089 7.2091
8.8489 7.6518
12.188 8.2724
7.8278 10.902
6.0022 4.8659
4.5665 6.0545
6.1095 6.6943
7.1848 8.4629
6.3456 5.7191
12.503 8.4882
7.1568 10.105
6.0163 8.4587
10.585 9.0004
7.9879 7.2923
6.6166 7.0016
7.6614 8.7271
9.5572 4.6694
11.606 9.5587
7.1889 11.025
8.2296 7.8073
7.5562 6.265
9.237 8.371
4.4877 6.8529
5.4524 6.2918
8.0541 8.9958
9.2266 6.877
8.6444 8.7193
10.795 10.262
3.8847 8.1517
9.989 6.7683
7.9905 5.6742
8.0468 10.45
6.5968 6.6232
3.7915 7.9215
5.2489 11.472
10.242 9.0912
9.0736 7.2495
11.108 10.252
7.4236 7.1168
3.2287 5.9864
7.2176 11.2
6.5696 5.0036
7.7219 8.9811
7.9287 9.4715
7.3202 8.0704
4.1018 3.282
5.5561 9.0366
5.5498 6.3811
4.1645 5.1411
8.3114 8.4657
9.5633 8.7924
6.3989 5.2717
9.6474 5.4833
5.9651 7.3154
7.0696 6.8873
7.4351 6.0079
6.211 6.8403
8.7156 4.3851
5.8554 4.7654
9.5992 9.2675
6.0438 7.1454
6.1417 8.4964
