1.6262 -1.4062
2.9296 -0.95793
2.8956 1.4039
4.9381 2.6482
3.4517 -0.66244
-3.1343 0.61948
-2.408 -1.7764
3.0867 1.1279
5.2954 1.4433
0.45534 -3.1121
-5.6127 1.2581
-2.7249 0.55652
-2.2563 -0.012474
1.6915 1.3109
-3.0375 -1.8735
-2.9858 1.0603
-7.8887 -4.0145
5.1685 0.17416
0.30168 2.4609
-3.268 1.3743
0.59829 5.1461
-0.81493 3.29
4.2104 -0.72941
0.43895 1.226
0.97535 1.9075
1.4055 -3.5477
1.5049 9.9495
-2.4739 -4.2415
3.4406 -0.42808
-1.7174 4.4435
1.7635 2.1527
1.7484 -1.1893
-1.4944 -0.13085
-4.0187 -3.692
0.19198 -1.729
-2.4737 -6.2681
0.88155 -1.2805
-1.2243 -2.8645
3.9244 3.2696
-2.506 0.80708
-1.165 -1.6498
-3.3128 -3.4748
-0.26152 3.3546
-1.2235 -0.64429
-1.543 -0.38954
1.2443 -5.4403
-3.1685 -3.6016
2.4816 3.1332
0.61457 -1.7044
0.80459 0.96091
3.1762 1.1669
4.1539 -1.1235
-2.2823 -1.8384
-4.0137 2.5372
3.6116 1.1272
2.843 -2.0157
1.1381 -0.72029
-3.2329 3.3629
-0.73083 -0.42434
2.1437 -0.39311
1.4219 1.3296
1.2788 -2.0656
0.49157 -1.3002
2.321 -0.62358
5.843 0.55435
-1.9266 2.0348
4.9352 1.5625
-2.616 -1.9306
0.89438 -2.6053
-1.4413 0.3371
1.1941 1.2177
-0.63042 -0.83133
2.2633 5.7003
-1.1481 -3.0973
1.1201 -2.2791
0.88271 -5.064
3.5063 1.1782
-3.7352 -3.7144
0.64073 -1.1594
-0.26156 -0.96282
0.86748 1.756
-3.8181 1.0182
-4.9427 2.3775
-1.6647 -0.025797
4.1219 3.6018
-3.1744 2.1981
0.83049 3.7766
1.5992 -0.22869
-2.9128 -4.3723
-0.042886 2.0077
1.1017 -3.2274
-2.9929 -0.54776
-0.8533 -0.55681
-1.1585 1.557
1.7185 0.74529
-1.8641 4.4294
0.97728 1.5923
-2.2822 2.5241
3.94 4.0936
3.099 -0.14837
0.97348 2.0371
-0.60695 -1.0971
0.67656 -3.2082
-2.7968 4.4845
3.0097 5.3041
5.0416 -4.5884
5.2825 2.1478
4.696 -4.7841
5.6724 1.437
0.75606 2.2688
2.6302 -0.17299
0.23543 -1.8965
-4.3245 -2.4503
1.9204 -0.18548
-1.6821 2.0939
-1.8689 0.8417
5.1683 -0.29436
3.9148 0.20334
-5.8191 -5.8167
-4.7112 -1.8659
-3.4108 4.3851
-0.46757 -4.3568
-1.3042 -2.1467
5.6382 0.011087
-0.14251 4.5497
0.71022 -4.3259
-2.2569 4.2729
-1.5438 0.49108
0.24259 -1.9696
2.7787 -2.6493
2.6722 8.1959
4.8162 0.058631
-0.83465 0.92554
-0.75068 -2.4048
2.6515 -0.31642
-5.2533 3.3705
4.5664 3.9739
4.8115 1.5845
-6.9583 -2.8871
-0.47402 -2.3342
-2.3483 1.1613
1.3831 -4.5737
-5.1717 -1.6055
-1.401 4.3251
-5.4171 6.5721
-0.80618 -1.7398
-0.46437 0.36103
0.14334 -2.2404
-2.9905 -0.56647
0.5316 0.34474
-0.53838 0.17756
-0.36965 2.2853
-0.37919 1.4008
0.63742 -0.10268
-1.9918 -2.4909
-3.5099 2.2177
-4.4907 -7.1016
-4.6309 2.401
3.2809 -1.5684
-0.28086 3.7389
0.8514 0.58018
0.63957 -0.85917
0.86097 1.6389
4.6067 -1.2501
-6.5581 0.50664
-0.92396 -1.4178
3.5644 -2.2576
2.2675 1.3714
-0.01102 -0.024081
-4.0284 2.3173
0.067242 -2.8186
-2.1865 0.22357
3.6262 -0.20357
2.3477 3.0003
1.0165 -0.38278
2.5355 4.428
-4.152 0.96607
-1.5615 1.3415
1.4309 -3.0324
2.8724 -1.2523
-2.2127 -0.46306
1.8215 3.8843
1.839 -0.77589
3.3083 0.71238
1.0006 1.5882
-1.2244 3.2305
2.4024 -0.95095
1.3211 1.6847
-4.2422 -5.2464
3.3779 0.73897
-1.5278 3.1075
0.81148 -0.97971
0.96852 2.2709
-0.43627 4.8773
3.2635 -4.2114
0.47997 -0.48902
-1.0413 1.9111
0.66906 -1.205
-1.9067 -1.1179
3.0149 1.2207
3.3746 1.6134
-0.47516 1.6067
1.411 -0.78132
-3.1537 3.0376
0.79998 -5.1211
-3.1967 1.7751
2.7177 -2.1048
1.9561 -1.5661
-2.6343 -0.23403
-1.9899 -1.2023
5.1308 1.9729
-4.3841 -2.2285
-0.49013 -1.8943
2.213 -2.1113
-0.49462 0.027395
-3.8388 2.8333
-2.2614 4.5096
-2.3271 0.65033
2.3555 2.0223
0.29832 3.6231
-0.2307 -2.3784
-4.0137 -1.1132
1.3689 0.96281
-1.4469 0.58511
1.2623 -2.6093
3.4289 -2.4575
-0.98527 -4.0031
1.3315 0.9237
-1.0454 -0.4139
-0.8855 3.7881
2.8227 -5.5459
-1.2184 -1.0681
-3.4944 -8.101
-0.0045407 -1.0779
1.3936 -2.4711
2.4385 0.44335
-2.4379 1.9421
-4.4641 0.20333
2.6075 2.247
-0.58862 3.1771
1.2201 4.5785
-1.163 -1.4567
-0.51554 1.1376
-0.98257 0.019596
-1.8 -0.87524
-2.7435 -5.7327
-0.59908 -1.2066
-0.8751 -2.2458
5.4647 0.26051
-3.433 -2.105
1.8993 -2.9285
-4.1801 -0.96059
-3.8753 -5.1723
3.7441 -4.0696
0.073149 3.5444
0.49882 -5.6719
-1.6265 1.0343
3.2396 -1.3207
-0.90043 -1.585
-1.3659 -0.065929
-0.7349 -0.75722
0.10827 0.13586
-2.8412 -5.4048
1.1288 2.4321
1.3366 -0.12679
-0.68989 -1.6971
0.99541 -0.63889
-2.0288 -2.8833
4.4726 3.7987
-1.6649 -2.3605
6.0748 5.8119
-1.3973 2.9312
1.2061 -4.1915
-1.8798 0.053383
0.32398 0.11371
-0.46888 1.1552
0.69784 1.1469
2.2178 -0.60166
-1.6141 2.8772
-0.24401 0.14831
-1.5645 -1.3472
3.1805 4.0508
-1.3434 0.37335
-1.4584 2.074
0.86858 1.2558
-1.9413 -0.0891
-3.1359 1.1731
-0.55741 -0.94175
0.67364 -2.134
-2.749 0.95608
0.4109 2.9581
3.6224 1.9834
0.92766 0.059528
0.55406 -0.14227
1.1588 1.9562
-0.23804 0.38509
0.46469 -4.734
1.1335 -0.7274
-1.43 -2.2409
2.8335 0.30752
-2.2329 2.2452
-0.84752 -2.5548
3.0794 0.48549
-3.5651 2.8099
-3.0552 -1.9803
-1.2315 0.87663
0.16495 -1.5309
-5.1954 -1.6311
-0.32243 -0.94237
0.46963 -2.1263
-2.3782 4.8946
-2.3293 0.69523
0.77092 0.64335
-0.95403 -1.3881
1.558 1.0172
2.368 0.85659
-1.3824 -0.65558
-0.51032 2.5595
-3.1606 0.7259
-2.3608 -0.46181
-0.77795 -7.6398
7.2073 -1.6647
1.377 -3.5179
-5.9345 -3.415
1.2262 0.23268
-0.28976 1.3669
-3.331 2.3912
-0.15254 1.0496
-0.39297 2.0924
-3.2511 0.88452
-0.089973 -1.7779
2.3829 0.28965
6.2439 2.7385
-3.4451 2.6586
1.9066 0.027921
1.4987 -1.9217
1.3012 1.7443
1.9823 3.5702
-0.4722 2.8148
2.3937 -4.6061
0.075294 1.5368
-2.4905 0.29397
-3.5426 5.2085
0.29163 -0.54064
-3.0494 0.93226
-1.4702 -5.8825
-0.60202 4.6355
-0.04931 -0.51628
7.1663 -0.08394
-1.9917 1.1715
-2.8055 -2.0711
3.9412 3.4336
1.6262 -2.1386
-1.7768 0.68915
1.9348 0.36199
0.91317 -1.508
-2.4008 -4.3092
-2.1114 -0.54107
2.3846 3.5796
0.40964 -3.5753
-2.2838 -0.77064
0.53885 -1.1988
0.63681 -0.17899
-0.73701 -1.7134
-4.549 1.1805
-0.68572 -1.7606
0.91184 -0.91687
0.31958 1.1633
1.5893 -2.1824
-1.9707 1.1106
0.23252 1.4038
1.9871 -4.8851
-0.91874 0.026157
1.8013 2.1884
1.7769 1.7522
