328.125 734.375
261.71875 730.46875
300.78125 667.96875
324.21875 691.40625
320.3125 625
347.65625 714.84375
296.875 648.4375
300.78125 703.125
312.5 679.6875
363.28125 761.71875
382.8125 742.1875
308.59375 687.5
382.8125 699.21875
308.59375 691.40625
339.84375 789.0625
308.59375 710.9375
273.4375 812.5
281.25 785.15625
335.9375 734.375
335.9375 734.375
375 843.75
324.21875 675.78125
320.3125 695.3125
320.3125 695.3125
402.34375 750
332.03125 707.03125
339.84375 714.84375
351.5625 707.03125
343.75 714.84375
308.59375 753.90625
355.46875 710.9375
304.6875 757.8125
304.6875 816.40625
359.375 722.65625
316.40625 753.90625
390.625 714.84375
355.46875 730.46875
359.375 726.5625
375 722.65625
445.3125 710.9375
328.125 738.28125
500 839.84375
359.375 718.75
316.40625 734.375
363.28125 718.75
312.5 734.375
339.84375 714.84375
371.09375 726.5625
312.5 726.5625
328.125 722.65625
339.84375 726.5625
335.9375 730.46875
406.25 730.46875
351.5625 730.46875
328.125 734.375
312.5 730.46875
351.5625 734.375
339.84375 730.46875
308.59375 738.28125
308.59375 957.03125
230.46875 648.4375
347.65625 742.1875
351.5625 742.1875
355.46875 746.09375
343.75 757.8125
343.75 753.90625
355.46875 742.1875
324.21875 757.8125
335.9375 750
304.6875 832.03125
332.03125 753.90625
312.5 796.875
296.875 890.625
347.65625 742.1875
328.125 753.90625
335.9375 757.8125
363.28125 750
343.75 753.90625
308.59375 777.34375
351.5625 761.71875
312.5 765.625
304.6875 785.15625
289.0625 828.125
300.78125 785.15625
441.40625 750
312.5 777.34375
316.40625 777.34375
300.78125 773.4375
300.78125 773.4375
324.21875 769.53125
308.59375 828.125
367.1875 750
738.28125 1000
328.125 781.25
746.09375 1000
355.46875 746.09375
296.875 789.0625
375 746.09375
484.375 820.3125
718.75 1000
296.875 753.90625
257.8125 757.8125
300.78125 757.8125
328.125 757.8125
285.15625 753.90625
386.71875 714.84375
355.46875 691.40625
296.875 796.875
316.40625 722.65625
316.40625 695.3125
300.78125 742.1875
332.03125 695.3125
312.5 683.59375
343.75 992.1875
312.5 757.8125
347.65625 1000
375 675.78125
304.6875 765.625
339.84375 687.5
343.75 695.3125
296.875 765.625
320.3125 726.5625
367.1875 804.6875
363.28125 757.8125
359.375 875
355.46875 875
359.375 871.09375
359.375 855.46875
363.28125 843.75
347.65625 894.53125
363.28125 832.03125
363.28125 824.21875
394.53125 796.875
359.375 824.21875
355.46875 812.5
359.375 820.3125
371.09375 812.5
363.28125 812.5
371.09375 812.5
367.1875 808.59375
378.90625 800.78125
378.90625 792.96875
371.09375 800.78125
386.71875 781.25
371.09375 796.875
394.53125 769.53125
382.8125 785.15625
386.71875 785.15625
382.8125 785.15625
382.8125 792.96875
375 792.96875
371.09375 828.125
375 796.875
382.8125 792.96875
367.1875 796.875
398.4375 789.0625
371.09375 800.78125
398.4375 785.15625
375 816.40625
390.625 796.875
386.71875 800.78125
386.71875 800.78125
398.4375 792.96875
394.53125 804.6875
390.625 800.78125
386.71875 808.59375
406.25 781.25
398.4375 796.875
406.25 796.875
382.8125 808.59375
406.25 796.875
406.25 789.0625
402.34375 796.875
398.4375 800.78125
402.34375 796.875
410.15625 789.0625
406.25 796.875
414.0625 789.0625
402.34375 800.78125
390.625 808.59375
394.53125 812.5
390.625 808.59375
386.71875 808.59375
394.53125 812.5
394.53125 816.40625
398.4375 820.3125
417.96875 812.5
402.34375 824.21875
398.4375 824.21875
394.53125 812.5
406.25 828.125
406.25 800.78125
406.25 816.40625
417.96875 832.03125
421.875 824.21875
410.15625 839.84375
414.0625 816.40625
417.96875 902.34375
433.59375 824.21875
394.53125 773.4375
417.96875 773.4375
406.25 847.65625
402.34375 824.21875
406.25 824.21875
406.25 816.40625
406.25 820.3125
406.25 816.40625
406.25 824.21875
414.0625 820.3125
414.0625 828.125
417.96875 824.21875
410.15625 828.125
414.0625 808.59375
414.0625 808.59375
414.0625 804.6875
410.15625 812.5
406.25 808.59375
414.0625 808.59375
421.875 800.78125
406.25 812.5
402.34375 812.5
406.25 812.5
394.53125 812.5
414.0625 800.78125
402.34375 808.59375
406.25 808.59375
402.34375 808.59375
406.25 808.59375
410.15625 808.59375
410.15625 812.5
414.0625 812.5
406.25 816.40625
414.0625 816.40625
417.96875 812.5
414.0625 812.5
406.25 820.3125
398.4375 820.3125
414.0625 816.40625
425.78125 804.6875
429.6875 800.78125
417.96875 812.5
433.59375 789.0625
429.6875 796.875
406.25 824.21875
421.875 812.5
421.875 812.5
421.875 812.5
417.96875 816.40625
406.25 820.3125
398.4375 820.3125
406.25 820.3125
414.0625 816.40625
417.96875 816.40625
421.875 812.5
421.875 812.5
390.625 812.5
406.25 816.40625
406.25 812.5
425.78125 808.59375
414.0625 812.5
414.0625 812.5
414.0625 812.5
414.0625 812.5
433.59375 800.78125
425.78125 808.59375
421.875 808.59375
410.15625 812.5
433.59375 800.78125
414.0625 812.5
421.875 808.59375
410.15625 812.5
421.875 808.59375
406.25 812.5
417.96875 808.59375
429.6875 804.6875
417.96875 808.59375
410.15625 812.5
425.78125 808.59375
417.96875 812.5
414.0625 812.5
410.15625 816.40625
425.78125 812.5
414.0625 816.40625
406.25 816.40625
437.5 800.78125
417.96875 816.40625
414.0625 812.5
425.78125 800.78125
414.0625 804.6875
417.96875 796.875
421.875 792.96875
425.78125 792.96875
429.6875 800.78125
441.40625 800.78125
421.875 792.96875
425.78125 808.59375
429.6875 816.40625
433.59375 828.125
441.40625 820.3125
433.59375 843.75
445.3125 894.53125
210.9375 1000
253.90625 601.5625
382.8125 941.40625
386.71875 781.25
347.65625 753.90625
371.09375 769.53125
300.78125 792.96875
347.65625 742.1875
390.625 691.40625
359.375 734.375
359.375 726.5625
343.75 734.375
343.75 738.28125
359.375 718.75
347.65625 726.5625
351.5625 726.5625
359.375 722.65625
347.65625 730.46875
363.28125 714.84375
359.375 726.5625
359.375 734.375
343.75 742.1875
355.46875 742.1875
355.46875 742.1875
347.65625 746.09375
375 730.46875
351.5625 746.09375
410.15625 707.03125
402.34375 714.84375
394.53125 730.46875
394.53125 734.375
402.34375 734.375
398.4375 734.375
402.34375 738.28125
398.4375 738.28125
394.53125 738.28125
367.1875 757.8125
414.0625 738.28125
402.34375 734.375
402.34375 738.28125
382.8125 753.90625
398.4375 738.28125
390.625 738.28125
390.625 738.28125
402.34375 738.28125
390.625 746.09375
394.53125 742.1875
414.0625 734.375
378.90625 757.8125
394.53125 746.09375
398.4375 746.09375
386.71875 753.90625
367.1875 761.71875
394.53125 746.09375
402.34375 742.1875
410.15625 742.1875
394.53125 746.09375
406.25 738.28125
398.4375 742.1875
375 765.625
406.25 742.1875
386.71875 761.71875
398.4375 746.09375
386.71875 761.71875
406.25 742.1875
414.0625 742.1875
382.8125 761.71875
410.15625 750
386.71875 761.71875
394.53125 761.71875
406.25 750
410.15625 753.90625
390.625 765.625
390.625 765.625
406.25 753.90625
398.4375 761.71875
417.96875 757.8125
390.625 773.4375
402.34375 769.53125
406.25 761.71875
402.34375 769.53125
394.53125 777.34375
437.5 765.625
406.25 777.34375
414.0625 781.25
421.875 781.25
429.6875 789.0625
410.15625 800.78125
429.6875 796.875
445.3125 792.96875
441.40625 796.875
433.59375 800.78125
417.96875 812.5
445.3125 789.0625
425.78125 800.78125
417.96875 800.78125
429.6875 792.96875
425.78125 812.5
417.96875 820.3125
425.78125 820.3125
406.25 835.9375
429.6875 832.03125
464.84375 824.21875
437.5 816.40625
414.0625 816.40625
406.25 832.03125
359.375 917.96875
367.1875 894.53125
363.28125 890.625
375 886.71875
363.28125 886.71875
363.28125 882.8125
359.375 875
363.28125 875
371.09375 875
375 863.28125
371.09375 859.375
386.71875 851.5625
378.90625 851.5625
382.8125 847.65625
367.1875 851.5625
363.28125 851.5625
367.1875 855.46875
363.28125 855.46875
359.375 855.46875
378.90625 855.46875
363.28125 859.375
363.28125 859.375
367.1875 863.28125
359.375 863.28125
363.28125 867.1875
390.625 863.28125
363.28125 867.1875
375 871.09375
386.71875 871.09375
390.625 871.09375
378.90625 882.8125
371.09375 882.8125
414.0625 867.1875
378.90625 898.4375
382.8125 890.625
398.4375 875
410.15625 867.1875
394.53125 878.90625
410.15625 863.28125
406.25 871.09375
398.4375 882.8125
410.15625 871.09375
410.15625 878.90625
398.4375 886.71875
414.0625 875
406.25 882.8125
410.15625 878.90625
421.875 871.09375
421.875 871.09375
398.4375 890.625
414.0625 867.1875
417.96875 863.28125
406.25 875
414.0625 863.28125
406.25 867.1875
406.25 867.1875
410.15625 863.28125
414.0625 847.65625
410.15625 859.375
410.15625 855.46875
402.34375 855.46875
406.25 847.65625
402.34375 847.65625
406.25 855.46875
410.15625 847.65625
410.15625 835.9375
410.15625 832.03125
410.15625 832.03125
417.96875 839.84375
410.15625 828.125
414.0625 828.125
410.15625 828.125
414.0625 828.125
421.875 828.125
410.15625 832.03125
421.875 832.03125
417.96875 832.03125
414.0625 835.9375
417.96875 839.84375
417.96875 839.84375
417.96875 843.75
425.78125 847.65625
421.875 851.5625
425.78125 859.375
425.78125 859.375
429.6875 863.28125
429.6875 871.09375
429.6875 878.90625
433.59375 886.71875
445.3125 882.8125
453.125 886.71875
453.125 890.625
457.03125 894.53125
468.75 890.625
460.9375 894.53125
421.875 902.34375
437.5 906.25
429.6875 906.25
425.78125 914.0625
445.3125 906.25
429.6875 914.0625
433.59375 882.8125
437.5 902.34375
425.78125 929.6875
429.6875 933.59375
437.5 949.21875
421.875 894.53125
324.21875 804.6875
382.8125 820.3125
402.34375 1000
367.1875 804.6875
390.625 777.34375
371.09375 796.875
363.28125 796.875
378.90625 789.0625
375 792.96875
375 792.96875
378.90625 789.0625
378.90625 789.0625
382.8125 792.96875
394.53125 785.15625
394.53125 785.15625
394.53125 781.25
394.53125 781.25
371.09375 800.78125
371.09375 804.6875
375 816.40625
371.09375 820.3125
386.71875 824.21875
378.90625 828.125
367.1875 828.125
386.71875 832.03125
398.4375 824.21875
406.25 824.21875
406.25 828.125
402.34375 832.03125
398.4375 847.65625
402.34375 851.5625
378.90625 859.375
378.90625 863.28125
394.53125 863.28125
371.09375 863.28125
378.90625 867.1875
371.09375 863.28125
398.4375 867.1875
410.15625 863.28125
378.90625 867.1875
410.15625 867.1875
394.53125 871.09375
378.90625 867.1875
382.8125 867.1875
402.34375 867.1875
425.78125 859.375
417.96875 863.28125
410.15625 863.28125
425.78125 859.375
390.625 867.1875
425.78125 863.28125
437.5 855.46875
441.40625 851.5625
441.40625 851.5625
441.40625 851.5625
441.40625 851.5625
445.3125 851.5625
437.5 855.46875
433.59375 855.46875
441.40625 855.46875
445.3125 851.5625
417.96875 867.1875
441.40625 851.5625
449.21875 855.46875
453.125 855.46875
445.3125 851.5625
445.3125 851.5625
445.3125 851.5625
441.40625 855.46875
445.3125 859.375
449.21875 855.46875
445.3125 859.375
445.3125 863.28125
445.3125 859.375
449.21875 867.1875
449.21875 863.28125
453.125 863.28125
453.125 867.1875
457.03125 867.1875
457.03125 871.09375
457.03125 863.28125
453.125 871.09375
453.125 871.09375
449.21875 871.09375
449.21875 875
449.21875 863.28125
441.40625 875
449.21875 871.09375
441.40625 875
449.21875 871.09375
449.21875 878.90625
425.78125 890.625
453.125 878.90625
453.125 882.8125
449.21875 882.8125
457.03125 878.90625
449.21875 882.8125
460.9375 878.90625
464.84375 878.90625
468.75 878.90625
476.5625 882.8125
476.5625 882.8125
488.28125 886.71875
488.28125 886.71875
464.84375 890.625
460.9375 890.625
457.03125 890.625
464.84375 886.71875
472.65625 875
449.21875 894.53125
472.65625 855.46875
453.125 882.8125
433.59375 890.625
476.5625 875
460.9375 882.8125
457.03125 863.28125
433.59375 894.53125
429.6875 914.0625
421.875 906.25
445.3125 902.34375
488.28125 875
363.28125 742.1875
265.625 593.75
382.8125 750
328.125 726.5625
335.9375 699.21875
320.3125 699.21875
324.21875 691.40625
324.21875 687.5
359.375 1000
320.3125 687.5
320.3125 699.21875
339.84375 804.6875
316.40625 683.59375
324.21875 683.59375
316.40625 683.59375
312.5 773.4375
320.3125 691.40625
316.40625 691.40625
332.03125 710.9375
339.84375 1000
320.3125 691.40625
320.3125 687.5
332.03125 812.5
332.03125 863.28125
320.3125 691.40625
316.40625 648.4375
328.125 699.21875
328.125 660.15625
332.03125 804.6875
339.84375 816.40625
316.40625 699.21875
339.84375 816.40625
300.78125 742.1875
332.03125 921.875
328.125 707.03125
363.28125 855.46875
320.3125 703.125
320.3125 703.125
320.3125 703.125
339.84375 742.1875
320.3125 699.21875
332.03125 734.375
328.125 710.9375
332.03125 691.40625
3.90625 320.3125
339.84375 824.21875
328.125 707.03125
328.125 703.125
332.03125 707.03125
332.03125 714.84375
347.65625 730.46875
328.125 707.03125
332.03125 707.03125
332.03125 707.03125
371.09375 925.78125
335.9375 710.9375
324.21875 789.0625
375 945.3125
328.125 792.96875
328.125 718.75
359.375 746.09375
359.375 683.59375
328.125 707.03125
351.5625 707.03125
328.125 710.9375
328.125 714.84375
343.75 722.65625
328.125 718.75
343.75 722.65625
335.9375 718.75
351.5625 707.03125
363.28125 750
328.125 718.75
332.03125 718.75
343.75 718.75
359.375 679.6875
359.375 703.125
367.1875 750
355.46875 703.125
390.625 1000
347.65625 738.28125
359.375 703.125
347.65625 718.75
335.9375 726.5625
335.9375 726.5625
363.28125 699.21875
339.84375 781.25
363.28125 1000
402.34375 753.90625
363.28125 660.15625
382.8125 785.15625
367.1875 707.03125
410.15625 789.0625
347.65625 746.09375
449.21875 792.96875
339.84375 738.28125
332.03125 761.71875
339.84375 753.90625
445.3125 789.0625
351.5625 609.375
273.4375 832.03125
371.09375 820.3125
273.4375 546.875
375 738.28125
371.09375 695.3125
367.1875 714.84375
363.28125 714.84375
359.375 718.75
371.09375 703.125
375 691.40625
363.28125 703.125
359.375 707.03125
355.46875 703.125
371.09375 691.40625
363.28125 699.21875
355.46875 703.125
355.46875 703.125
355.46875 699.21875
359.375 699.21875
355.46875 699.21875
355.46875 699.21875
351.5625 703.125
351.5625 703.125
347.65625 699.21875
355.46875 710.9375
351.5625 699.21875
347.65625 703.125
347.65625 703.125
347.65625 703.125
351.5625 703.125
347.65625 703.125
347.65625 703.125
351.5625 703.125
339.84375 703.125
339.84375 703.125
351.5625 707.03125
347.65625 707.03125
355.46875 703.125
347.65625 707.03125
343.75 707.03125
343.75 707.03125
351.5625 707.03125
347.65625 707.03125
347.65625 707.03125
347.65625 703.125
351.5625 707.03125
355.46875 707.03125
351.5625 707.03125
347.65625 707.03125
347.65625 707.03125
351.5625 707.03125
355.46875 707.03125
347.65625 707.03125
394.53125 664.0625
363.28125 699.21875
351.5625 707.03125
359.375 703.125
343.75 730.46875
339.84375 750
363.28125 703.125
351.5625 707.03125
375 687.5
351.5625 703.125
347.65625 707.03125
355.46875 707.03125
355.46875 710.9375
367.1875 703.125
371.09375 695.3125
355.46875 707.03125
351.5625 707.03125
359.375 710.9375
371.09375 699.21875
351.5625 707.03125
367.1875 703.125
359.375 710.9375
367.1875 707.03125
375 703.125
347.65625 738.28125
359.375 710.9375
375 703.125
343.75 757.8125
382.8125 699.21875
363.28125 761.71875
367.1875 714.84375
382.8125 703.125
343.75 761.71875
382.8125 703.125
382.8125 703.125
382.8125 707.03125
382.8125 703.125
375 738.28125
328.125 746.09375
410.15625 691.40625
355.46875 765.625
347.65625 746.09375
390.625 699.21875
382.8125 746.09375
367.1875 718.75
390.625 703.125
375 714.84375
371.09375 757.8125
398.4375 703.125
339.84375 746.09375
363.28125 761.71875
351.5625 761.71875
335.9375 742.1875
429.6875 695.3125
386.71875 703.125
343.75 738.28125
410.15625 714.84375
386.71875 703.125
367.1875 718.75
394.53125 707.03125
367.1875 718.75
386.71875 707.03125
371.09375 742.1875
410.15625 703.125
386.71875 707.03125
406.25 714.84375
390.625 707.03125
394.53125 707.03125
390.625 707.03125
328.125 726.5625
367.1875 714.84375
351.5625 742.1875
339.84375 753.90625
339.84375 730.46875
703.125 1000
386.71875 714.84375
328.125 730.46875
414.0625 734.375
375 699.21875
335.9375 671.875
714.84375 1000
363.28125 679.6875
417.96875 839.84375
406.25 808.59375
386.71875 820.3125
394.53125 812.5
390.625 800.78125
382.8125 785.15625
378.90625 777.34375
375 769.53125
375 769.53125
371.09375 769.53125
375 765.625
375 761.71875
375 765.625
375 757.8125
371.09375 757.8125
371.09375 757.8125
371.09375 753.90625
371.09375 753.90625
367.1875 746.09375
371.09375 750
367.1875 753.90625
371.09375 753.90625
371.09375 753.90625
367.1875 753.90625
367.1875 750
371.09375 753.90625
371.09375 750
363.28125 750
367.1875 750
367.1875 750
367.1875 750
367.1875 750
367.1875 750
367.1875 746.09375
367.1875 750
367.1875 746.09375
367.1875 750
367.1875 750
371.09375 750
367.1875 750
371.09375 750
371.09375 750
363.28125 746.09375
367.1875 750
367.1875 746.09375
367.1875 746.09375
367.1875 746.09375
367.1875 746.09375
371.09375 746.09375
367.1875 742.1875
363.28125 746.09375
367.1875 742.1875
363.28125 746.09375
367.1875 742.1875
363.28125 742.1875
367.1875 742.1875
367.1875 742.1875
367.1875 742.1875
363.28125 742.1875
367.1875 742.1875
363.28125 742.1875
363.28125 742.1875
367.1875 742.1875
363.28125 742.1875
363.28125 742.1875
367.1875 742.1875
363.28125 742.1875
363.28125 742.1875
367.1875 742.1875
363.28125 742.1875
363.28125 746.09375
363.28125 742.1875
363.28125 742.1875
363.28125 742.1875
367.1875 742.1875
363.28125 742.1875
367.1875 742.1875
363.28125 734.375
363.28125 738.28125
363.28125 742.1875
363.28125 738.28125
367.1875 742.1875
363.28125 742.1875
363.28125 742.1875
363.28125 738.28125
363.28125 742.1875
363.28125 738.28125
363.28125 738.28125
367.1875 742.1875
363.28125 742.1875
363.28125 738.28125
371.09375 742.1875
367.1875 742.1875
371.09375 742.1875
371.09375 742.1875
367.1875 742.1875
367.1875 742.1875
367.1875 742.1875
367.1875 746.09375
371.09375 746.09375
367.1875 742.1875
371.09375 746.09375
367.1875 746.09375
371.09375 746.09375
367.1875 742.1875
371.09375 746.09375
367.1875 742.1875
367.1875 746.09375
371.09375 746.09375
378.90625 742.1875
371.09375 750
359.375 820.3125
378.90625 742.1875
371.09375 824.21875
367.1875 750
371.09375 742.1875
390.625 968.75
359.375 730.46875
375 742.1875
394.53125 753.90625
347.65625 804.6875
339.84375 750
390.625 750
367.1875 917.96875
410.15625 1000
3.90625 414.0625
378.90625 843.75
386.71875 855.46875
375 843.75
390.625 824.21875
386.71875 808.59375
382.8125 804.6875
378.90625 808.59375
378.90625 800.78125
378.90625 796.875
375 789.0625
375 785.15625
371.09375 781.25
371.09375 777.34375
371.09375 773.4375
367.1875 769.53125
363.28125 769.53125
363.28125 765.625
363.28125 761.71875
363.28125 757.8125
363.28125 757.8125
367.1875 753.90625
359.375 757.8125
355.46875 753.90625
359.375 753.90625
355.46875 753.90625
363.28125 746.09375
355.46875 746.09375
363.28125 746.09375
359.375 746.09375
359.375 742.1875
355.46875 742.1875
355.46875 738.28125
359.375 742.1875
359.375 746.09375
359.375 742.1875
359.375 746.09375
359.375 746.09375
355.46875 742.1875
355.46875 742.1875
359.375 746.09375
351.5625 742.1875
351.5625 746.09375
359.375 746.09375
355.46875 750
351.5625 753.90625
351.5625 757.8125
359.375 753.90625
355.46875 765.625
359.375 757.8125
355.46875 765.625
355.46875 769.53125
363.28125 761.71875
359.375 765.625
359.375 777.34375
363.28125 769.53125
359.375 781.25
363.28125 769.53125
359.375 769.53125
359.375 773.4375
363.28125 769.53125
363.28125 765.625
359.375 769.53125
363.28125 765.625
363.28125 765.625
359.375 769.53125
363.28125 769.53125
363.28125 765.625
363.28125 765.625
363.28125 761.71875
359.375 761.71875
359.375 761.71875
359.375 757.8125
363.28125 757.8125
359.375 757.8125
375 730.46875
363.28125 753.90625
367.1875 750
359.375 753.90625
363.28125 757.8125
371.09375 742.1875
363.28125 753.90625
355.46875 746.09375
363.28125 757.8125
367.1875 753.90625
363.28125 757.8125
359.375 757.8125
363.28125 757.8125
359.375 757.8125
359.375 757.8125
371.09375 750
371.09375 753.90625
363.28125 757.8125
367.1875 757.8125
359.375 757.8125
367.1875 757.8125
363.28125 761.71875
367.1875 757.8125
363.28125 761.71875
367.1875 761.71875
363.28125 765.625
363.28125 761.71875
363.28125 761.71875
378.90625 726.5625
367.1875 761.71875
363.28125 761.71875
363.28125 761.71875
363.28125 757.8125
363.28125 761.71875
367.1875 761.71875
363.28125 757.8125
367.1875 757.8125
363.28125 757.8125
367.1875 757.8125
363.28125 757.8125
367.1875 761.71875
367.1875 757.8125
363.28125 757.8125
363.28125 757.8125
367.1875 753.90625
363.28125 753.90625
367.1875 753.90625
367.1875 753.90625
363.28125 753.90625
363.28125 753.90625
367.1875 753.90625
367.1875 753.90625
363.28125 750
367.1875 753.90625
367.1875 750
367.1875 750
363.28125 750
378.90625 718.75
378.90625 667.96875
359.375 738.28125
367.1875 773.4375
347.65625 835.9375
335.9375 656.25
355.46875 839.84375
324.21875 656.25
355.46875 757.8125
386.71875 765.625
402.34375 757.8125
203.125 785.15625
359.375 738.28125
367.1875 746.09375
375 757.8125
359.375 757.8125
355.46875 746.09375
363.28125 738.28125
363.28125 730.46875
355.46875 726.5625
351.5625 718.75
347.65625 714.84375
355.46875 714.84375
351.5625 714.84375
347.65625 707.03125
351.5625 710.9375
347.65625 710.9375
347.65625 710.9375
347.65625 710.9375
351.5625 714.84375
347.65625 714.84375
347.65625 714.84375
347.65625 714.84375
363.28125 707.03125
347.65625 718.75
351.5625 718.75
355.46875 718.75
347.65625 718.75
347.65625 714.84375
347.65625 714.84375
351.5625 714.84375
351.5625 714.84375
347.65625 714.84375
347.65625 714.84375
343.75 714.84375
343.75 714.84375
343.75 714.84375
351.5625 714.84375
343.75 714.84375
347.65625 714.84375
343.75 707.03125
351.5625 710.9375
351.5625 714.84375
347.65625 714.84375
347.65625 714.84375
351.5625 714.84375
347.65625 714.84375
347.65625 710.9375
347.65625 714.84375
347.65625 714.84375
347.65625 714.84375
343.75 710.9375
347.65625 710.9375
347.65625 710.9375
347.65625 710.9375
343.75 710.9375
347.65625 710.9375
351.5625 710.9375
351.5625 714.84375
351.5625 714.84375
351.5625 714.84375
351.5625 714.84375
355.46875 714.84375
347.65625 714.84375
351.5625 714.84375
351.5625 714.84375
359.375 710.9375
351.5625 714.84375
355.46875 714.84375
355.46875 714.84375
355.46875 718.75
351.5625 714.84375
351.5625 718.75
351.5625 718.75
355.46875 718.75
351.5625 718.75
355.46875 722.65625
351.5625 714.84375
359.375 718.75
355.46875 722.65625
355.46875 722.65625
355.46875 722.65625
355.46875 722.65625
363.28125 722.65625
363.28125 722.65625
359.375 722.65625
355.46875 722.65625
363.28125 722.65625
363.28125 718.75
371.09375 714.84375
359.375 722.65625
367.1875 718.75
363.28125 722.65625
363.28125 722.65625
359.375 718.75
363.28125 722.65625
359.375 722.65625
363.28125 722.65625
363.28125 722.65625
359.375 718.75
359.375 722.65625
363.28125 722.65625
359.375 722.65625
363.28125 722.65625
367.1875 722.65625
363.28125 722.65625
363.28125 722.65625
363.28125 718.75
363.28125 722.65625
363.28125 722.65625
359.375 722.65625
363.28125 722.65625
363.28125 722.65625
363.28125 722.65625
363.28125 722.65625
367.1875 718.75
359.375 718.75
363.28125 722.65625
363.28125 722.65625
367.1875 718.75
367.1875 718.75
367.1875 722.65625
363.28125 722.65625
363.28125 722.65625
367.1875 722.65625
367.1875 722.65625
367.1875 722.65625
371.09375 722.65625
367.1875 722.65625
367.1875 722.65625
386.71875 710.9375
367.1875 710.9375
386.71875 703.125
363.28125 703.125
375 679.6875
539.0625 1000
378.90625 1000
390.625 1000
515.625 1000
402.34375 949.21875
371.09375 617.1875
347.65625 687.5
351.5625 664.0625
343.75 683.59375
433.59375 605.46875
335.9375 683.59375
347.65625 691.40625
351.5625 738.28125
363.28125 679.6875
351.5625 710.9375
343.75 691.40625
339.84375 695.3125
335.9375 695.3125
347.65625 750
355.46875 710.9375
335.9375 699.21875
339.84375 699.21875
332.03125 699.21875
347.65625 695.3125
339.84375 710.9375
332.03125 707.03125
359.375 699.21875
351.5625 714.84375
332.03125 722.65625
339.84375 726.5625
343.75 730.46875
335.9375 730.46875
355.46875 730.46875
371.09375 730.46875
339.84375 742.1875
371.09375 730.46875
351.5625 746.09375
355.46875 750
351.5625 750
339.84375 753.90625
355.46875 757.8125
339.84375 757.8125
339.84375 761.71875
339.84375 757.8125
343.75 757.8125
359.375 757.8125
343.75 761.71875
343.75 761.71875
347.65625 761.71875
355.46875 765.625
347.65625 765.625
347.65625 769.53125
351.5625 765.625
351.5625 773.4375
359.375 769.53125
355.46875 773.4375
355.46875 773.4375
355.46875 777.34375
355.46875 773.4375
367.1875 773.4375
355.46875 777.34375
363.28125 773.4375
363.28125 777.34375
359.375 777.34375
359.375 777.34375
359.375 777.34375
363.28125 773.4375
363.28125 773.4375
355.46875 769.53125
355.46875 769.53125
367.1875 769.53125
363.28125 773.4375
363.28125 769.53125
367.1875 773.4375
359.375 773.4375
359.375 769.53125
355.46875 773.4375
363.28125 773.4375
363.28125 773.4375
363.28125 773.4375
363.28125 773.4375
359.375 777.34375
359.375 773.4375
363.28125 777.34375
355.46875 769.53125
363.28125 789.0625
363.28125 777.34375
367.1875 808.59375
359.375 777.34375
359.375 781.25
363.28125 781.25
367.1875 785.15625
367.1875 781.25
371.09375 777.34375
363.28125 792.96875
371.09375 777.34375
367.1875 781.25
359.375 785.15625
371.09375 781.25
367.1875 777.34375
367.1875 800.78125
371.09375 781.25
367.1875 781.25
375 777.34375
371.09375 777.34375
363.28125 777.34375
363.28125 781.25
367.1875 792.96875
363.28125 777.34375
371.09375 781.25
378.90625 781.25
378.90625 781.25
371.09375 789.0625
375 789.0625
378.90625 789.0625
378.90625 792.96875
375 789.0625
390.625 796.875
386.71875 796.875
378.90625 796.875
386.71875 796.875
375 796.875
398.4375 789.0625
375 792.96875
394.53125 785.15625
375 792.96875
375 792.96875
402.34375 773.4375
390.625 785.15625
402.34375 773.4375
406.25 769.53125
386.71875 781.25
378.90625 785.15625
382.8125 792.96875
402.34375 769.53125
390.625 785.15625
406.25 777.34375
390.625 800.78125
390.625 761.71875
390.625 769.53125
398.4375 781.25
390.625 785.15625
410.15625 792.96875
421.875 777.34375
382.8125 777.34375
394.53125 781.25
398.4375 777.34375
433.59375 742.1875
449.21875 792.96875
406.25 785.15625
453.125 777.34375
375 843.75
402.34375 812.5
425.78125 777.34375
394.53125 859.375
421.875 777.34375
429.6875 792.96875
406.25 847.65625
375 914.0625
433.59375 667.96875
441.40625 886.71875
441.40625 937.5
347.65625 996.09375
300.78125 644.53125
359.375 1000
343.75 972.65625
355.46875 976.5625
378.90625 984.375
402.34375 996.09375
328.125 687.5
328.125 679.6875
335.9375 683.59375
449.21875 968.75
328.125 687.5
332.03125 683.59375
320.3125 722.65625
324.21875 683.59375
332.03125 703.125
324.21875 683.59375
328.125 687.5
324.21875 683.59375
328.125 679.6875
316.40625 707.03125
347.65625 683.59375
339.84375 679.6875
359.375 667.96875
343.75 671.875
347.65625 652.34375
343.75 652.34375
378.90625 1000
339.84375 636.71875
332.03125 640.625
359.375 1000
343.75 621.09375
339.84375 644.53125
332.03125 679.6875
339.84375 621.09375
335.9375 671.875
351.5625 1000
335.9375 628.90625
3.90625 343.75
335.9375 636.71875
335.9375 664.0625
339.84375 621.09375
332.03125 652.34375
328.125 699.21875
335.9375 636.71875
335.9375 640.625
332.03125 648.4375
332.03125 636.71875
335.9375 632.8125
335.9375 640.625
339.84375 617.1875
339.84375 667.96875
339.84375 636.71875
394.53125 1000
343.75 699.21875
339.84375 667.96875
355.46875 625
343.75 671.875
347.65625 675.78125
359.375 664.0625
351.5625 687.5
355.46875 683.59375
378.90625 636.71875
359.375 679.6875
359.375 687.5
359.375 691.40625
363.28125 687.5
355.46875 695.3125
367.1875 691.40625
378.90625 683.59375
363.28125 707.03125
363.28125 710.9375
394.53125 695.3125
382.8125 710.9375
394.53125 710.9375
363.28125 730.46875
363.28125 730.46875
378.90625 730.46875
371.09375 734.375
378.90625 734.375
375 734.375
371.09375 738.28125
359.375 738.28125
386.71875 734.375
363.28125 738.28125
363.28125 742.1875
363.28125 742.1875
359.375 742.1875
375 742.1875
371.09375 746.09375
359.375 746.09375
394.53125 738.28125
355.46875 742.1875
355.46875 742.1875
367.1875 746.09375
386.71875 734.375
359.375 742.1875
359.375 742.1875
359.375 753.90625
351.5625 738.28125
351.5625 738.28125
351.5625 738.28125
355.46875 738.28125
351.5625 738.28125
355.46875 738.28125
386.71875 730.46875
367.1875 738.28125
375 734.375
367.1875 730.46875
371.09375 722.65625
371.09375 718.75
363.28125 718.75
367.1875 714.84375
367.1875 718.75
378.90625 699.21875
371.09375 730.46875
371.09375 722.65625
359.375 730.46875
363.28125 722.65625
367.1875 699.21875
363.28125 718.75
371.09375 710.9375
386.71875 714.84375
328.125 777.34375
386.71875 707.03125
359.375 679.6875
230.46875 562.5
292.96875 578.125
3.90625 332.03125
347.65625 1000
367.1875 1000
417.96875 1000
343.75 753.90625
402.34375 1000
394.53125 1000
351.5625 906.25
425.78125 964.84375
414.0625 914.0625
441.40625 925.78125
140.625 480.46875
398.4375 1000
328.125 960.9375
328.125 566.40625
339.84375 937.5
429.6875 980.46875
3.90625 429.6875
398.4375 1000
339.84375 593.75
125 527.34375
320.3125 628.90625
316.40625 648.4375
324.21875 652.34375
328.125 617.1875
324.21875 644.53125
312.5 675.78125
324.21875 621.09375
328.125 636.71875
335.9375 664.0625
316.40625 691.40625
335.9375 652.34375
335.9375 652.34375
339.84375 660.15625
3.90625 347.65625
339.84375 664.0625
339.84375 652.34375
339.84375 671.875
347.65625 625
343.75 671.875
347.65625 656.25
351.5625 667.96875
351.5625 687.5
351.5625 695.3125
359.375 679.6875
359.375 699.21875
363.28125 699.21875
367.1875 707.03125
367.1875 714.84375
375 707.03125
367.1875 714.84375
371.09375 714.84375
367.1875 718.75
371.09375 710.9375
367.1875 718.75
371.09375 710.9375
367.1875 710.9375
367.1875 707.03125
367.1875 710.9375
371.09375 703.125
363.28125 707.03125
371.09375 703.125
367.1875 703.125
367.1875 707.03125
367.1875 703.125
363.28125 703.125
367.1875 699.21875
363.28125 699.21875
371.09375 691.40625
375 687.5
359.375 703.125
371.09375 691.40625
363.28125 703.125
363.28125 703.125
367.1875 699.21875
363.28125 699.21875
363.28125 703.125
367.1875 699.21875
367.1875 699.21875
367.1875 703.125
367.1875 699.21875
363.28125 699.21875
375 675.78125
367.1875 699.21875
363.28125 707.03125
367.1875 691.40625
363.28125 699.21875
363.28125 699.21875
367.1875 695.3125
371.09375 691.40625
363.28125 699.21875
367.1875 699.21875
363.28125 703.125
363.28125 707.03125
371.09375 699.21875
363.28125 710.9375
371.09375 699.21875
367.1875 714.84375
367.1875 707.03125
363.28125 710.9375
367.1875 710.9375
371.09375 707.03125
367.1875 710.9375
363.28125 707.03125
371.09375 695.3125
363.28125 703.125
363.28125 699.21875
363.28125 699.21875
363.28125 691.40625
371.09375 691.40625
359.375 699.21875
363.28125 687.5
363.28125 695.3125
363.28125 695.3125
359.375 699.21875
363.28125 699.21875
371.09375 691.40625
367.1875 699.21875
363.28125 703.125
367.1875 703.125
378.90625 687.5
371.09375 703.125
367.1875 707.03125
394.53125 679.6875
367.1875 714.84375
378.90625 710.9375
386.71875 707.03125
386.71875 710.9375
382.8125 722.65625
390.625 722.65625
363.28125 730.46875
371.09375 730.46875
375 726.5625
355.46875 722.65625
378.90625 1000
363.28125 671.875
375 660.15625
449.21875 625
371.09375 675.78125
355.46875 667.96875
347.65625 742.1875
386.71875 921.875
70.3125 433.59375
359.375 781.25
515.625 1000
242.1875 929.6875
433.59375 1000
382.8125 949.21875
347.65625 917.96875
304.6875 652.34375
441.40625 968.75
351.5625 968.75
304.6875 632.8125
351.5625 968.75
335.9375 949.21875
285.15625 640.625
386.71875 1000
335.9375 980.46875
312.5 652.34375
328.125 1000
312.5 609.375
316.40625 597.65625
339.84375 1000
328.125 1000
324.21875 632.8125
328.125 628.90625
328.125 652.34375
332.03125 648.4375
320.3125 695.3125
316.40625 726.5625
328.125 683.59375
328.125 679.6875
335.9375 675.78125
328.125 679.6875
332.03125 671.875
312.5 722.65625
332.03125 679.6875
332.03125 675.78125
332.03125 691.40625
332.03125 683.59375
332.03125 687.5
332.03125 687.5
332.03125 703.125
332.03125 695.3125
335.9375 710.9375
332.03125 691.40625
335.9375 785.15625
332.03125 687.5
335.9375 707.03125
335.9375 703.125
332.03125 777.34375
332.03125 691.40625
316.40625 695.3125
324.21875 1000
332.03125 679.6875
328.125 683.59375
339.84375 750
324.21875 691.40625
335.9375 691.40625
339.84375 691.40625
332.03125 1000
328.125 675.78125
332.03125 679.6875
339.84375 691.40625
308.59375 753.90625
335.9375 687.5
332.03125 679.6875
343.75 707.03125
335.9375 687.5
335.9375 687.5
343.75 699.21875
332.03125 691.40625
343.75 703.125
343.75 707.03125
343.75 714.84375
343.75 714.84375
347.65625 718.75
347.65625 714.84375
347.65625 746.09375
343.75 714.84375
347.65625 710.9375
347.65625 714.84375
347.65625 718.75
351.5625 714.84375
351.5625 714.84375
351.5625 714.84375
351.5625 718.75
351.5625 718.75
351.5625 753.90625
343.75 726.5625
359.375 730.46875
355.46875 730.46875
359.375 730.46875
359.375 730.46875
355.46875 730.46875
359.375 726.5625
359.375 726.5625
359.375 722.65625
351.5625 726.5625
355.46875 722.65625
355.46875 722.65625
355.46875 710.9375
355.46875 722.65625
355.46875 718.75
359.375 730.46875
359.375 718.75
355.46875 714.84375
359.375 726.5625
359.375 714.84375
359.375 714.84375
363.28125 742.1875
359.375 718.75
359.375 722.65625
363.28125 722.65625
359.375 722.65625
359.375 722.65625
363.28125 722.65625
359.375 722.65625
359.375 722.65625
367.1875 714.84375
359.375 722.65625
363.28125 742.1875
363.28125 718.75
363.28125 714.84375
363.28125 707.03125
359.375 718.75
363.28125 710.9375
359.375 718.75
363.28125 718.75
367.1875 714.84375
359.375 722.65625
367.1875 722.65625
359.375 726.5625
371.09375 722.65625
355.46875 726.5625
371.09375 726.5625
351.5625 730.46875
378.90625 722.65625
359.375 734.375
371.09375 730.46875
339.84375 726.5625
394.53125 722.65625
335.9375 750
335.9375 746.09375
347.65625 777.34375
402.34375 1000
339.84375 722.65625
339.84375 718.75
355.46875 714.84375
347.65625 718.75
367.1875 695.3125
351.5625 734.375
343.75 699.21875
347.65625 687.5
316.40625 726.5625
347.65625 648.4375
296.875 699.21875
351.5625 636.71875
359.375 1000
339.84375 660.15625
355.46875 675.78125
269.53125 605.46875
214.84375 609.375
382.8125 628.90625
