10.329 -5.7139
11.12 -5.4104
10.687 -4.0988
11.832 -3.3219
11.417 -5.2243
6.8021 -4.7863
7.7031 -6.088
10.862 -4.2443
12.28 -3.9768
9.8448 -6.7111
5.0384 -4.5347
7.0861 -4.8043
7.4976 -5.101
9.9 -4.2007
7.3002 -6.1682
6.8245 -4.5351
4.4376 -7.5607
12.416 -4.6877
8.7732 -3.6194
6.5817 -4.3723
8.504 -2.1142
7.8844 -3.205
11.935 -5.2299
9.0795 -4.3002
9.3187 -3.8989
10.554 -6.9136
8.2732 0.59386
8.0879 -7.4611
11.369 -5.0945
7.082 -2.6014
9.8016 -3.7297
10.373 -5.5882
8.0262 -5.1351
6.9622 -7.22
9.4287 -5.9532
8.4405 -8.5877
9.8106 -5.6751
8.6817 -6.6435
11.048 -3.0188
7.1885 -4.6558
8.51 -5.9657
7.3952 -7.0698
8.2422 -3.146
8.2961 -5.4092
8.0388 -5.2809
10.776 -7.9725
7.5134 -7.1343
10.11 -3.1547
9.7062 -5.9219
9.3694 -4.4323
10.915 -4.2189
11.965 -5.4514
7.7977 -6.1172
5.8822 -3.7569
11.212 -4.2228
11.246 -6.002
9.8842 -5.353
6.2593 -3.2653
8.5864 -5.2664
10.498 -5.1291
9.717 -4.2016
10.212 -6.095
9.5539 -5.7023
10.656 -5.2499
12.8 -4.4482
7.3614 -3.9491
12.019 -3.9256
7.5913 -6.1823
10.049 -6.411
7.9803 -4.8727
9.5845 -4.2733
8.7242 -5.4884
9.518 -1.7367
8.773 -6.7697
10.143 -6.2203
10.469 -7.7784
11.133 -4.1988
7.1551 -7.2206
9.6289 -5.6178
8.993 -5.5462
9.2731 -3.9876
6.2768 -4.5932
5.2905 -3.8844
7.8944 -5.0838
11.122 -2.8258
6.5009 -3.9104
8.897 -2.8659
10.106 -5.0604
7.818 -7.5521
8.6223 -3.8857
10.296 -6.7482
7.0994 -5.4293
8.5278 -5.3451
7.9567 -4.1827
10.016 -4.514
6.9866 -2.6154
9.3748 -4.0741
7.0391 -3.692
10.915 -2.56
11.092 -4.9533
9.2949 -3.8269
8.786 -5.6352
10.009 -6.7553
6.3551 -2.6236
10.085 -1.9258
13.16 -7.3405
12.149 -3.5857
12.963 -7.4637
12.533 -3.9646
9.1096 -3.7072
10.784 -4.9865
9.4868 -6.0445
6.5424 -6.5425
10.313 -5.023
7.5141 -3.9061
7.6073 -4.61
12.498 -4.9481
11.575 -4.7237
6.1311 -8.4763
6.1828 -6.2337
5.9629 -2.7045
9.4459 -7.4415
8.5036 -6.2478
12.758 -4.7587
8.1137 -2.4767
10.226 -7.3752
6.7519 -2.7187
7.8851 -4.7914
9.5043 -6.0848
11.314 -6.3569
9.3567 -0.33234
12.201 -4.7666
8.2825 -4.5203
8.9176 -6.3682
10.823 -5.0653
4.9107 -3.3453
11.354 -2.6004
11.933 -3.9185
4.8619 -6.8952
9.0898 -6.3174
7.2321 -4.4523
10.718 -7.4849
5.8304 -6.1082
7.3136 -2.654
4.2447 -1.5723
8.765 -6.0008
8.6276 -4.8187
9.4852 -6.2395
7.1043 -5.4396
9.2945 -4.7862
8.6101 -4.9237
8.3561 -3.745
8.5035 -4.2371
9.4429 -5.0305
8.1049 -6.4678
6.2737 -3.9135
7.2404 -9.1351
5.4943 -3.8584
11.461 -5.7351
8.1625 -2.9332
9.4669 -4.642
9.5759 -5.451
9.2891 -4.053
12.289 -5.5028
4.5387 -4.9918
8.6304 -5.8267
11.77 -6.1064
10.274 -4.1431
8.9968 -5.0138
5.9107 -3.8798
9.535 -6.5641
7.503 -4.9669
11.454 -4.962
10.044 -3.2342
9.7444 -5.1704
9.9207 -2.4327
6.0632 -4.6361
7.7254 -4.3193
10.482 -6.6261
11.133 -5.5764
7.605 -5.3497
9.5392 -2.7647
10.361 -5.3546
11.082 -4.466
9.391 -4.0753
7.6217 -3.2552
10.767 -5.4285
9.588 -4.0083
7.0835 -8.0935
11.124 -4.4483
7.4408 -3.3362
9.7115 -5.5108
9.2509 -3.6972
7.8609 -2.3068
11.909 -7.2051
9.4051 -5.2518
7.9733 -3.981
9.6557 -5.642
7.9229 -5.701
10.798 -4.1956
10.97 -3.9624
8.4037 -4.1266
10.077 -5.3755
6.3687 -3.4429
10.424 -7.8136
6.5596 -4.1465
11.178 -6.0567
10.577 -5.7891
7.284 -5.2399
7.8821 -5.7514
12.078 -3.6893
6.464 -6.4217
9.0026 -6.0735
10.843 -6.0814
8.6654 -5.0054
5.9473 -3.585
6.7077 -2.5873
7.3351 -4.7355
10.219 -3.7775
8.5689 -2.9734
9.2598 -6.3318
6.517 -5.7862
9.7454 -4.4077
7.9334 -4.7351
10.296 -6.3979
11.714 -6.2232
9.0391 -7.2665
9.7273 -4.431
8.3749 -5.2737
7.7507 -2.9311
11.847 -7.9654
8.3733 -5.6446
8.0786 -9.6492
9.1844 -5.5994
10.359 -6.3156
10.549 -4.6519
7.0366 -4.022
5.9877 -5.0731
10.348 -3.6421
8.055 -3.2583
9.0174 -2.4039
8.4777 -5.8583
8.4584 -4.3891
8.3414 -5.0301
7.9519 -5.5616
8.1674 -8.3013
8.8103 -5.6958
8.807 -6.285
12.599 -4.6273
7.0768 -6.3133
10.776 -6.5488
6.3796 -5.7083
7.3153 -8.037
12.204 -7.1062
8.4324 -3.0265
10.319 -8.1323
7.7355 -4.4928
11.39 -5.5991
8.6752 -5.9187
8.1006 -5.0936
8.6416 -5.4516
9.0486 -4.92
8.0453 -8.1231
9.3298 -3.6009
9.9134 -5.0148
8.8351 -5.9722
9.7749 -5.3137
8.1485 -6.6875
11.322 -2.7017
8.3003 -6.3817
12.04 -1.5158
7.5584 -3.4288
10.533 -7.2798
7.7372 -5.0487
9.1963 -4.9233
8.4864 -4.3773
9.2659 -4.3333
10.584 -5.242
7.4233 -3.4678
8.8115 -4.9277
8.191 -5.8142
10.416 -2.6155
8.0392 -4.8485
7.6668 -3.9078
9.3608 -4.2656
7.721 -5.1305
6.7048 -4.4786
8.7921 -5.5468
9.8203 -6.1582
7.0005 -4.5831
8.7596 -3.3384
11.071 -3.7463
9.6083 -4.9282
9.3942 -5.056
9.4326 -3.8642
8.7743 -4.7958
10.133 -7.6123
9.8824 -5.3571
8.4361 -6.3054
10.836 -4.7109
7.1205 -3.845
8.8791 -6.4556
10.969 -4.6017
6.1339 -3.5866
7.307 -6.2283
8.0263 -4.564
9.3762 -5.8442
5.8191 -6.1234
8.9489 -5.5373
9.6829 -6.1625
6.5629 -2.3782
7.3258 -4.7106
9.4022 -4.6102
8.6052 -5.8115
9.8621 -4.3695
10.43 -4.4251
8.1921 -5.4221
8.2146 -3.5984
6.7661 -4.7283
7.506 -5.3552
9.8098 -9.2795
14.096 -5.6249
10.53 -6.8983
5.6365 -7.1459
9.7773 -4.8195
8.5691 -4.2522
6.3629 -3.8096
8.7157 -4.4229
8.3741 -3.8532
6.6781 -4.6439
9.2492 -5.9921
10.539 -4.7396
12.687 -3.2173
6.2403 -3.6657
10.267 -4.905
10.334 -6.0058
9.5644 -3.9761
9.701 -2.9326
8.1956 -3.4549
11.397 -7.4608
8.7829 -4.1425
7.2881 -4.9404
5.7318 -2.2522
9.2885 -5.2884
6.8043 -4.6089
9.0426 -8.3315
7.7924 -2.4481
9.0569 -5.2891
13.793 -4.7478
7.4681 -4.4318
7.4893 -6.2684
11.031 -2.9269
10.456 -6.1211
7.6953 -4.691
10.227 -4.7181
9.8712 -5.8002
8.1484 -7.4957
7.6861 -5.3888
9.9677 -2.9106
9.8949 -6.9705
7.6111 -5.5236
9.5678 -5.644
9.4558 -5.0729
8.8065 -5.9832
5.7612 -4.5334
8.8489 -6.0073
9.7675 -5.4717
9.0108 -4.34
10.439 -6.147
7.4927 -4.4648
8.9109 -4.2099
11.175 -7.6328
8.3828 -5.0238
9.8206 -3.7083
9.8802 -3.9518
11.729 -7.5053
7.512 -4.1892
11.046 -4.8699
10.781 -6.5266
9.1832 -6.0898
9.1443 -3.9727
11.782 -4.7964
9.1993 -4.6405
9.1148 -7.1422
7.8013 -8.5108
10.399 -6.8343
8.7273 -6.5132
8.9047 -4.6613
8.5095 -5.845
9.096 -3.8681
5.1534 -2.9112
5.6107 -4.8778
8.3728 -6.4419
10.574 -4.2564
7.2718 -3.5064
7.7765 -5.8658
6.3617 -7.5068
12.461 -4.119
10.594 -5.8484
6.9037 -5.1001
8.2251 -4.8073
7.8994 -5.2419
6.2133 -2.8861
8.8766 -6.4354
10.868 -4.8199
9.9095 -4.997
9.5948 -6.9207
7.7845 -5.0522
9.4058 -5.8933
9.5634 -4.2979
6.4683 -5.4506
9.4451 -6.1199
9.2014 -7.8361
11.732 -3.3813
9.2181 -4.8678
9.4974 -6.1546
9.0293 -4.3047
10.757 -6.0883
9.3699 -4.2278
6.5687 -5.4541
6.834 -6.0899
11.313 -6.4352
8.4125 -4.2403
9.8233 -7.6722
8.2739 -5.6955
7.1546 -3.3652
10.543 -4.9619
8.6891 -5.8801
9.7032 -3.7542
7.5434 -1.7028
6.7826 -3.9745
9.1912 -7.0897
11.022 -7.0499
8.4251 -3.8522
7.7907 -5.6823
9.7874 -5.6816
9.8309 -4.7803
6.3489 -4.6933
11.044 -4.2473
9.7761 -4.4165
11.464 -2.8175
5.9865 -2.7357
10.484 -7.2032
8.3737 -6.9726
8.8179 -6.0111
7.8685 -4.5065
9.9069 -6.5408
11.474 -2.5675
6.2872 -3.4811
7.0751 -4.9317
9.6776 -2.9379
9.5305 -4.9546
8.8715 -5.6338
7.9423 -4.1676
13.098 -6.0417
9.8427 -2.2168
5.4329 -2.8887
9.2054 -4.5423
10.214 -5.7587
9.3566 -3.8225
7.5601 -6.4974
8.7524 -6.5026
7.9547 -3.8561
10.771 -4.7687
8.6206 -3.8171
8.6196 -2.0662
5.9126 -5.8962
11.395 -4.5615
11.072 -5.9743
6.5657 -2.9414
9.2181 -5.8797
6.0681 -6.0751
3.6841 -3.3086
9.3567 -3.0049
10.312 -4.589
8.8435 -1.9592
9.3125 -5.2693
7.5255 -7.4993
5.2866 -2.7684
10.741 -6.9112
7.7419 -3.9855
7.4164 -3.6013
8.3345 -4.7052
10.695 -8.8896
6.2111 -4.7336
8.734 -6.411
8.9686 -7.6942
8.6347 -4.0974
9.1782 -3.4387
10.369 -6.8038
12.385 -5.4956
8.1282 -5.6715
9.2894 -5.5422
10.376 -5.9647
8.7482 -5.8822
12.794 -6.5253
10.48 -7.3197
8.7505 -3.1259
8.3437 -5.7502
7.1248 -4.8626
