7.705200 6.250600
8.722500 6.148700
9.980800 7.506500
11.868000 7.656200
9.192700 6.174000
5.972700 8.714300
5.107300 7.146900
9.945000 7.296500
11.428000 6.870100
6.085900 5.598100
4.845400 9.759400
6.181900 8.565900
6.152400 8.112400
9.214900 7.784100
4.680600 7.264300
6.299600 8.925200
0.638580 7.373900
10.666000 6.180300
9.011500 8.822200
6.301800 9.181900
10.641000 10.274000
8.796700 9.602200
9.607400 5.927500
8.424600 8.079500
9.112300 8.321300
6.414700 5.088500
13.781000 12.768000
3.733600 5.757600
9.313000 6.310900
8.884900 10.509000
9.713400 8.244900
7.895200 6.340900
6.541000 7.835600
3.113000 6.495400
6.678100 6.460100
2.636700 4.600400
7.330700 6.526800
5.221700 6.200700
11.602000 8.289300
6.447600 8.648900
5.914500 6.877900
3.650200 6.425600
9.160600 9.487100
6.424100 7.468100
6.372100 7.701300
5.294300 4.052200
3.667200 6.313600
10.671000 8.607600
6.942500 6.358100
8.498400 7.827700
10.019000 7.294200
9.360400 5.718000
5.148400 7.077000
6.488200 10.051000
10.257000 7.152000
8.098400 5.568600
7.786400 6.776300
7.399200 10.308000
6.836000 7.458400
8.561200 6.687000
9.064800 7.868700
7.141800 5.969500
7.088300 6.622700
8.541800 6.506700
11.273000 6.212200
7.456600 9.190800
11.279000 7.037100
4.900200 7.116000
6.621200 5.766900
6.826000 8.088200
8.868900 7.867400
6.675300 7.198400
11.931000 10.133000
5.141000 6.046800
6.931900 5.891200
5.283200 4.366300
10.222000 7.210000
3.269400 6.404800
7.253100 6.662100
6.823300 7.022100
8.966200 8.264400
5.782100 9.129600
5.849700 10.215000
6.496700 7.942400
11.899000 8.424700
6.803400 9.626600
10.038000 9.428200
8.326600 6.930300
3.402000 5.803400
8.561400 8.658100
6.407600 5.354800
5.424800 8.009000
6.691500 7.416400
7.654400 8.707100
8.924800 7.453700
8.790000 10.541000
8.942800 8.140800
7.510100 9.567800
12.058000 8.755500
9.261400 6.564400
9.181300 8.395800
6.545400 7.040300
6.165300 5.482500
8.265600 10.828000
12.160000 9.702100
8.012300 3.496000
11.802000 7.275900
7.700900 3.479200
11.649000 6.763000
9.177600 8.587800
8.969400 6.679100
6.613200 6.352500
3.603500 7.288400
8.540900 6.866800
7.633900 9.157400
6.845000 8.493700
10.412000 5.912900
9.936600 6.541200
0.892840 5.776700
3.690100 7.728200
7.846900 10.940000
4.863600 5.140900
5.562800 6.632400
10.857000 5.958300
9.878300 10.137000
5.580300 4.835100
8.471900 10.559000
6.848400 8.204300
6.577900 6.308800
7.717200 5.224400
13.525000 11.446000
10.394000 6.211100
7.505000 8.257600
5.752000 6.333100
8.904500 6.591300
6.202700 10.867000
12.365000 8.515200
11.217000 7.083600
1.801800 7.762100
5.954600 6.297400
6.733100 8.807800
5.846000 4.508900
3.557300 8.003300
9.008800 10.354000
7.838500 12.740000
6.079100 6.728000
7.419500 7.833600
6.372300 6.181500
5.416100 7.997700
8.002500 7.550900
7.276200 7.749200
8.517500 8.906300
8.033000 8.403900
7.823200 7.266400
4.967800 6.624700
6.614600 9.729900
0.986800 4.678300
6.047600 10.142000
8.600800 5.703700
9.357100 9.711900
8.320100 7.597500
7.415000 6.833900
8.898900 8.199400
9.561000 5.521400
3.876900 9.589900
6.183400 6.944200
8.396100 5.232400
9.590000 7.660400
7.480400 7.489300
6.360400 9.929100
6.014100 5.872300
6.321600 8.228000
9.544800 6.388100
10.519000 8.568400
7.896900 7.002400
11.404000 9.332000
5.555500 9.191600
7.298300 8.694700
6.708800 5.375800
8.529100 5.996300
5.934300 7.843100
10.685000 9.217600
8.172900 6.552100
9.851700 6.998400
8.954400 8.132100
8.521200 9.680600
8.412900 6.297500
9.197100 8.099200
2.138700 5.669300
9.907500 6.994500
8.274300 9.693700
7.451900 6.717800
9.304900 8.530600
9.881100 10.405000
7.159700 4.199400
7.520500 7.089000
7.915700 8.877000
7.245300 6.628300
5.761700 7.385200
9.952600 7.369200
10.379000 7.494700
8.087400 8.547800
7.915600 6.666500
7.270200 10.100000
5.203100 4.356400
6.561100 9.391200
7.975700 5.552100
7.814700 6.068700
5.807700 8.089700
5.666500 7.359900
11.617000 7.217700
3.688200 7.431400
6.183300 6.553000
7.672200 5.686900
7.220900 7.651400
6.752400 10.172000
8.597300 10.696000
6.469100 8.510200
9.994600 8.007900
9.638600 9.486700
6.075400 6.205400
4.512000 7.966400
8.834700 7.673900
6.956800 8.231300
6.837600 5.663600
8.207400 5.155400
4.747400 5.484900
8.791300 7.661800
6.654700 7.550700
9.024400 9.905900
6.175200 3.558500
6.197700 7.224700
1.037800 3.834200
6.913800 6.885800
6.990500 5.706500
9.189200 7.083600
7.102600 9.278200
4.957100 8.841800
10.266000 8.067000
8.870100 9.475600
10.704000 9.779100
6.020300 6.987600
7.809500 8.291100
6.926700 7.781000
5.956500 7.494500
2.766200 4.980200
6.490800 6.975500
5.764200 6.458000
10.889000 6.148300
4.320300 7.240700
7.043400 5.306500
4.495800 8.099300
2.396900 5.610900
7.522000 4.148400
9.462300 9.503600
4.726000 4.124700
7.093300 8.537100
8.710300 5.856500
6.106900 6.842300
6.652500 7.837400
6.653300 7.269400
7.637900 7.547800
2.885600 5.194200
9.487500 8.578700
8.225700 7.060600
6.171300 6.720500
7.745700 6.861900
4.733400 6.410800
12.215000 8.440900
5.232700 6.609400
14.256000 9.150400
8.256400 9.557200
5.947700 4.775700
6.411800 8.046600
7.754100 7.476000
7.846700 8.288300
8.535600 7.963200
8.492300 6.547500
8.098300 9.585900
7.435300 7.651700
5.840900 7.160300
11.583000 8.939600
6.903700 8.082000
7.756000 9.084600
8.696000 7.978500
6.298100 7.982100
6.271400 9.030800
6.658900 7.115400
6.745100 6.096600
6.383800 8.800700
9.345500 9.076100
10.726000 7.637900
8.083500 7.279300
7.752300 7.266600
9.247700 8.298700
7.567000 7.785200
5.213400 4.669500
7.779800 6.773500
5.437100 6.613200
9.350400 6.897600
7.388400 9.395000
5.613300 6.274000
9.592900 6.931700
6.902400 10.083000
4.612300 7.208200
7.242700 8.338600
6.769300 6.580600
3.529400 7.995200
6.798200 7.050500
6.628000 6.157000
8.736400 10.948000
6.492100 8.536500
8.306400 7.655700
6.181600 6.969400
8.976600 7.653000
9.371000 7.338900
6.323500 7.505300
8.582300 9.101500
6.014600 8.782200
5.847000 7.884500
2.901900 3.351600
10.882000 4.570600
6.413900 5.113400
2.124500 7.179600
8.354700 7.296200
8.067800 8.360000
6.814900 9.779900
7.977500 8.141200
8.399200 8.802500
6.046700 8.897700
6.484100 6.509600
9.072900 7.011100
12.693000 7.349200
6.891900 9.963800
8.648200 6.992500
7.350400 5.991300
9.217600 8.138600
10.611000 8.994100
8.743200 9.236800
6.429100 4.212900
8.376700 8.356800
6.179100 8.351600
8.214300 11.446000
7.380600 7.111300
6.192400 8.869500
3.441800 4.545100
9.651700 10.312000
7.191200 7.218800
11.713000 5.484500
6.950600 8.715700
4.711500 7.087800
11.701000 8.378300
7.308700 5.832400
6.817200 8.381300
8.845800 7.175500
7.226300 6.388300
3.740400 5.698800
5.952300 7.770800
10.855000 8.889100
5.807900 5.346200
5.725600 7.687000
7.171300 6.667600
7.781600 7.223000
6.134500 6.724100
5.435600 9.423000
6.139400 6.683100
7.545600 6.726200
8.319700 8.076500
7.263000 5.817600
6.930100 8.675200
8.398200 8.237700
6.036400 4.165200
6.968200 7.767200
9.755200 8.254900
9.504600 8.012600
