10.329000 -5.713900
11.120000 -5.410400
10.687000 -4.098800
11.832000 -3.321900
11.417000 -5.224300
6.802100 -4.786300
7.703100 -6.088000
10.862000 -4.244300
12.280000 -3.976800
9.844800 -6.711100
5.038400 -4.534700
7.086100 -4.804300
7.497600 -5.101000
9.900000 -4.200700
7.300200 -6.168200
6.824500 -4.535100
4.437600 -7.560700
12.416000 -4.687700
8.773200 -3.619400
6.581700 -4.372300
8.504000 -2.114200
7.884400 -3.205000
11.935000 -5.229900
9.079500 -4.300200
9.318700 -3.898900
10.554000 -6.913600
8.273200 0.593860
8.087900 -7.461100
11.369000 -5.094500
7.082000 -2.601400
9.801600 -3.729700
10.373000 -5.588200
8.026200 -5.135100
6.962200 -7.220000
9.428700 -5.953200
8.440500 -8.587700
9.810600 -5.675100
8.681700 -6.643500
11.048000 -3.018800
7.188500 -4.655800
8.510000 -5.965700
7.395200 -7.069800
8.242200 -3.146000
8.296100 -5.409200
8.038800 -5.280900
10.776000 -7.972500
7.513400 -7.134300
10.110000 -3.154700
9.706200 -5.921900
9.369400 -4.432300
10.915000 -4.218900
11.965000 -5.451400
7.797700 -6.117200
5.882200 -3.756900
11.212000 -4.222800
11.246000 -6.002000
9.884200 -5.353000
6.259300 -3.265300
8.586400 -5.266400
10.498000 -5.129100
9.717000 -4.201600
10.212000 -6.095000
9.553900 -5.702300
10.656000 -5.249900
12.800000 -4.448200
7.361400 -3.949100
12.019000 -3.925600
7.591300 -6.182300
10.049000 -6.411000
7.980300 -4.872700
9.584500 -4.273300
8.724200 -5.488400
9.518000 -1.736700
8.773000 -6.769700
10.143000 -6.220300
10.469000 -7.778400
11.133000 -4.198800
7.155100 -7.220600
9.628900 -5.617800
8.993000 -5.546200
9.273100 -3.987600
6.276800 -4.593200
5.290500 -3.884400
7.894400 -5.083800
11.122000 -2.825800
6.500900 -3.910400
8.897000 -2.865900
10.106000 -5.060400
7.818000 -7.552100
8.622300 -3.885700
10.296000 -6.748200
7.099400 -5.429300
8.527800 -5.345100
7.956700 -4.182700
10.016000 -4.514000
6.986600 -2.615400
9.374800 -4.074100
7.039100 -3.692000
10.915000 -2.560000
11.092000 -4.953300
9.294900 -3.826900
8.786000 -5.635200
10.009000 -6.755300
6.355100 -2.623600
10.085000 -1.925800
13.160000 -7.340500
12.149000 -3.585700
12.963000 -7.463700
12.533000 -3.964600
9.109600 -3.707200
10.784000 -4.986500
9.486800 -6.044500
6.542400 -6.542500
10.313000 -5.023000
7.514100 -3.906100
7.607300 -4.610000
12.498000 -4.948100
11.575000 -4.723700
6.131100 -8.476300
6.182800 -6.233700
5.962900 -2.704500
9.445900 -7.441500
8.503600 -6.247800
12.758000 -4.758700
8.113700 -2.476700
10.226000 -7.375200
6.751900 -2.718700
7.885100 -4.791400
9.504300 -6.084800
11.314000 -6.356900
9.356700 -0.332340
12.201000 -4.766600
8.282500 -4.520300
8.917600 -6.368200
10.823000 -5.065300
4.910700 -3.345300
11.354000 -2.600400
11.933000 -3.918500
4.861900 -6.895200
9.089800 -6.317400
7.232100 -4.452300
10.718000 -7.484900
5.830400 -6.108200
7.313600 -2.654000
4.244700 -1.572300
8.765000 -6.000800
8.627600 -4.818700
9.485200 -6.239500
7.104300 -5.439600
9.294500 -4.786200
8.610100 -4.923700
8.356100 -3.745000
8.503500 -4.237100
9.442900 -5.030500
8.104900 -6.467800
6.273700 -3.913500
7.240400 -9.135100
5.494300 -3.858400
11.461000 -5.735100
8.162500 -2.933200
9.466900 -4.642000
9.575900 -5.451000
9.289100 -4.053000
12.289000 -5.502800
4.538700 -4.991800
8.630400 -5.826700
11.770000 -6.106400
10.274000 -4.143100
8.996800 -5.013800
5.910700 -3.879800
9.535000 -6.564100
7.503000 -4.966900
11.454000 -4.962000
10.044000 -3.234200
9.744400 -5.170400
9.920700 -2.432700
6.063200 -4.636100
7.725400 -4.319300
10.482000 -6.626100
11.133000 -5.576400
7.605000 -5.349700
9.539200 -2.764700
10.361000 -5.354600
11.082000 -4.466000
9.391000 -4.075300
7.621700 -3.255200
10.767000 -5.428500
9.588000 -4.008300
7.083500 -8.093500
11.124000 -4.448300
7.440800 -3.336200
9.711500 -5.510800
9.250900 -3.697200
7.860900 -2.306800
11.909000 -7.205100
9.405100 -5.251800
7.973300 -3.981000
9.655700 -5.642000
7.922900 -5.701000
10.798000 -4.195600
10.970000 -3.962400
8.403700 -4.126600
10.077000 -5.375500
6.368700 -3.442900
10.424000 -7.813600
6.559600 -4.146500
11.178000 -6.056700
10.577000 -5.789100
7.284000 -5.239900
7.882100 -5.751400
12.078000 -3.689300
6.464000 -6.421700
9.002600 -6.073500
10.843000 -6.081400
8.665400 -5.005400
5.947300 -3.585000
6.707700 -2.587300
7.335100 -4.735500
10.219000 -3.777500
8.568900 -2.973400
9.259800 -6.331800
6.517000 -5.786200
9.745400 -4.407700
7.933400 -4.735100
10.296000 -6.397900
11.714000 -6.223200
9.039100 -7.266500
9.727300 -4.431000
8.374900 -5.273700
7.750700 -2.931100
11.847000 -7.965400
8.373300 -5.644600
8.078600 -9.649200
9.184400 -5.599400
10.359000 -6.315600
10.549000 -4.651900
7.036600 -4.022000
5.987700 -5.073100
10.348000 -3.642100
8.055000 -3.258300
9.017400 -2.403900
8.477700 -5.858300
8.458400 -4.389100
8.341400 -5.030100
7.951900 -5.561600
8.167400 -8.301300
8.810300 -5.695800
8.807000 -6.285000
12.599000 -4.627300
7.076800 -6.313300
10.776000 -6.548800
6.379600 -5.708300
7.315300 -8.037000
12.204000 -7.106200
8.432400 -3.026500
10.319000 -8.132300
7.735500 -4.492800
11.390000 -5.599100
8.675200 -5.918700
8.100600 -5.093600
8.641600 -5.451600
9.048600 -4.920000
8.045300 -8.123100
9.329800 -3.600900
9.913400 -5.014800
8.835100 -5.972200
9.774900 -5.313700
8.148500 -6.687500
11.322000 -2.701700
8.300300 -6.381700
12.040000 -1.515800
7.558400 -3.428800
10.533000 -7.279800
7.737200 -5.048700
9.196300 -4.923300
8.486400 -4.377300
9.265900 -4.333300
10.584000 -5.242000
7.423300 -3.467800
8.811500 -4.927700
8.191000 -5.814200
10.416000 -2.615500
8.039200 -4.848500
7.666800 -3.907800
9.360800 -4.265600
7.721000 -5.130500
6.704800 -4.478600
8.792100 -5.546800
9.820300 -6.158200
7.000500 -4.583100
8.759600 -3.338400
11.071000 -3.746300
9.608300 -4.928200
9.394200 -5.056000
9.432600 -3.864200
8.774300 -4.795800
10.133000 -7.612300
9.882400 -5.357100
8.436100 -6.305400
10.836000 -4.710900
7.120500 -3.845000
8.879100 -6.455600
10.969000 -4.601700
6.133900 -3.586600
7.307000 -6.228300
8.026300 -4.564000
9.376200 -5.844200
5.819100 -6.123400
8.948900 -5.537300
9.682900 -6.162500
6.562900 -2.378200
7.325800 -4.710600
9.402200 -4.610200
8.605200 -5.811500
9.862100 -4.369500
10.430000 -4.425100
8.192100 -5.422100
8.214600 -3.598400
6.766100 -4.728300
7.506000 -5.355200
9.809800 -9.279500
14.096000 -5.624900
10.530000 -6.898300
5.636500 -7.145900
9.777300 -4.819500
8.569100 -4.252200
6.362900 -3.809600
8.715700 -4.422900
8.374100 -3.853200
6.678100 -4.643900
9.249200 -5.992100
10.539000 -4.739600
12.687000 -3.217300
6.240300 -3.665700
10.267000 -4.905000
10.334000 -6.005800
9.564400 -3.976100
9.701000 -2.932600
8.195600 -3.454900
11.397000 -7.460800
8.782900 -4.142500
7.288100 -4.940400
5.731800 -2.252200
9.288500 -5.288400
6.804300 -4.608900
9.042600 -8.331500
7.792400 -2.448100
9.056900 -5.289100
13.793000 -4.747800
7.468100 -4.431800
7.489300 -6.268400
11.031000 -2.926900
10.456000 -6.121100
7.695300 -4.691000
10.227000 -4.718100
9.871200 -5.800200
8.148400 -7.495700
7.686100 -5.388800
9.967700 -2.910600
9.894900 -6.970500
7.611100 -5.523600
9.567800 -5.644000
9.455800 -5.072900
8.806500 -5.983200
5.761200 -4.533400
8.848900 -6.007300
9.767500 -5.471700
9.010800 -4.340000
10.439000 -6.147000
7.492700 -4.464800
8.910900 -4.209900
11.175000 -7.632800
8.382800 -5.023800
9.820600 -3.708300
9.880200 -3.951800
