1.626200 -1.406200
2.929600 -0.957930
2.895600 1.403900
4.938100 2.648200
3.451700 -0.662440
-3.134300 0.619480
-2.408000 -1.776400
3.086700 1.127900
5.295400 1.443300
0.455340 -3.112100
-5.612700 1.258100
-2.724900 0.556520
-2.256300 -0.012474
1.691500 1.310900
-3.037500 -1.873500
-2.985800 1.060300
-7.888700 -4.014500
5.168500 0.174160
0.301680 2.460900
-3.268000 1.374300
0.598290 5.146100
-0.814930 3.290000
4.210400 -0.729410
0.438950 1.226000
0.975350 1.907500
1.405500 -3.547700
1.504900 9.949500
-2.473900 -4.241500
3.440600 -0.428080
-1.717400 4.443500
1.763500 2.152700
1.748400 -1.189300
-1.494400 -0.130850
-4.018700 -3.692000
0.191980 -1.729000
-2.473700 -6.268100
0.881550 -1.280500
-1.224300 -2.864500
3.924400 3.269600
-2.506000 0.807080
-1.165000 -1.649800
-3.312800 -3.474800
-0.261520 3.354600
-1.223500 -0.644290
-1.543000 -0.389540
1.244300 -5.440300
-3.168500 -3.601600
2.481600 3.133200
0.614570 -1.704400
0.804590 0.960910
3.176200 1.166900
4.153900 -1.123500
-2.282300 -1.838400
-4.013700 2.537200
3.611600 1.127200
2.843000 -2.015700
1.138100 -0.720290
-3.232900 3.362900
-0.730830 -0.424340
2.143700 -0.393110
1.421900 1.329600
1.278800 -2.065600
0.491570 -1.300200
2.321000 -0.623580
5.843000 0.554350
-1.926600 2.034800
4.935200 1.562500
-2.616000 -1.930600
0.894380 -2.605300
-1.441300 0.337100
1.194100 1.217700
-0.630420 -0.831330
2.263300 5.700300
-1.148100 -3.097300
1.120100 -2.279100
0.882710 -5.064000
3.506300 1.178200
-3.735200 -3.714400
0.640730 -1.159400
-0.261560 -0.962820
0.867480 1.756000
-3.818100 1.018200
-4.942700 2.377500
-1.664700 -0.025797
4.121900 3.601800
-3.174400 2.198100
0.830490 3.776600
1.599200 -0.228690
-2.912800 -4.372300
-0.042886 2.007700
1.101700 -3.227400
-2.992900 -0.547760
-0.853300 -0.556810
-1.158500 1.557000
1.718500 0.745290
-1.864100 4.429400
0.977280 1.592300
-2.282200 2.524100
3.940000 4.093600
3.099000 -0.148370
0.973480 2.037100
-0.606950 -1.097100
0.676560 -3.208200
-2.796800 4.484500
3.009700 5.304100
5.041600 -4.588400
5.282500 2.147800
4.696000 -4.784100
5.672400 1.437000
0.756060 2.268800
2.630200 -0.172990
0.235430 -1.896500
-4.324500 -2.450300
1.920400 -0.185480
-1.682100 2.093900
-1.868900 0.841700
5.168300 -0.294360
3.914800 0.203340
-5.819100 -5.816700
-4.711200 -1.865900
-3.410800 4.385100
-0.467570 -4.356800
-1.304200 -2.146700
5.638200 0.011087
-0.142510 4.549700
0.710220 -4.325900
-2.256900 4.272900
-1.543800 0.491080
0.242590 -1.969600
2.778700 -2.649300
2.672200 8.195900
4.816200 0.058631
-0.834650 0.925540
-0.750680 -2.404800
2.651500 -0.316420
-5.253300 3.370500
4.566400 3.973900
4.811500 1.584500
-6.958300 -2.887100
-0.474020 -2.334200
-2.348300 1.161300
1.383100 -4.573700
-5.171700 -1.605500
-1.401000 4.325100
-5.417100 6.572100
-0.806180 -1.739800
-0.464370 0.361030
0.143340 -2.240400
-2.990500 -0.566470
0.531600 0.344740
-0.538380 0.177560
-0.369650 2.285300
-0.379190 1.400800
0.637420 -0.102680
-1.991800 -2.490900
-3.509900 2.217700
-4.490700 -7.101600
-4.630900 2.401000
3.280900 -1.568400
-0.280860 3.738900
0.851400 0.580180
0.639570 -0.859170
0.860970 1.638900
4.606700 -1.250100
-6.558100 0.506640
-0.923960 -1.417800
3.564400 -2.257600
2.267500 1.371400
-0.011020 -0.024081
-4.028400 2.317300
0.067242 -2.818600
-2.186500 0.223570
3.626200 -0.203570
2.347700 3.000300
1.016500 -0.382780
2.535500 4.428000
-4.152000 0.966070
-1.561500 1.341500
1.430900 -3.032400
2.872400 -1.252300
-2.212700 -0.463060
1.821500 3.884300
1.839000 -0.775890
3.308300 0.712380
1.000600 1.588200
-1.224400 3.230500
2.402400 -0.950950
1.321100 1.684700
-4.242200 -5.246400
3.377900 0.738970
-1.527800 3.107500
0.811480 -0.979710
0.968520 2.270900
-0.436270 4.877300
3.263500 -4.211400
0.479970 -0.489020
-1.041300 1.911100
0.669060 -1.205000
-1.906700 -1.117900
3.014900 1.220700
3.374600 1.613400
-0.475160 1.606700
1.411000 -0.781320
-3.153700 3.037600
0.799980 -5.121100
-3.196700 1.775100
2.717700 -2.104800
1.956100 -1.566100
-2.634300 -0.234030
-1.989900 -1.202300
5.130800 1.972900
-4.384100 -2.228500
-0.490130 -1.894300
2.213000 -2.111300
-0.494620 0.027395
-3.838800 2.833300
-2.261400 4.509600
-2.327100 0.650330
2.355500 2.022300
0.298320 3.623100
-0.230700 -2.378400
-4.013700 -1.113200
1.368900 0.962810
-1.446900 0.585110
1.262300 -2.609300
3.428900 -2.457500
-0.985270 -4.003100
1.331500 0.923700
-1.045400 -0.413900
-0.885500 3.788100
2.822700 -5.545900
-1.218400 -1.068100
-3.494400 -8.101000
-0.004541 -1.077900
1.393600 -2.471100
2.438500 0.443350
-2.437900 1.942100
-4.464100 0.203330
2.607500 2.247000
-0.588620 3.177100
1.220100 4.578500
-1.163000 -1.456700
-0.515540 1.137600
-0.982570 0.019596
-1.800000 -0.875240
-2.743500 -5.732700
-0.599080 -1.206600
-0.875100 -2.245800
5.464700 0.260510
-3.433000 -2.105000
1.899300 -2.928500
-4.180100 -0.960590
-3.875300 -5.172300
3.744100 -4.069600
0.073149 3.544400
0.498820 -5.671900
-1.626500 1.034300
3.239600 -1.320700
-0.900430 -1.585000
-1.365900 -0.065929
-0.734900 -0.757220
0.108270 0.135860
-2.841200 -5.404800
1.128800 2.432100
1.336600 -0.126790
-0.689890 -1.697100
0.995410 -0.638890
-2.028800 -2.883300
4.472600 3.798700
-1.664900 -2.360500
6.074800 5.811900
-1.397300 2.931200
1.206100 -4.191500
-1.879800 0.053383
0.323980 0.113710
-0.468880 1.155200
0.697840 1.146900
2.217800 -0.601660
-1.614100 2.877200
-0.244010 0.148310
-1.564500 -1.347200
3.180500 4.050800
-1.343400 0.373350
-1.458400 2.074000
0.868580 1.255800
-1.941300 -0.089100
-3.135900 1.173100
-0.557410 -0.941750
0.673640 -2.134000
-2.749000 0.956080
0.410900 2.958100
3.622400 1.983400
0.927660 0.059528
0.554060 -0.142270
1.158800 1.956200
-0.238040 0.385090
0.464690 -4.734000
1.133500 -0.727400
-1.430000 -2.240900
2.833500 0.307520
-2.232900 2.245200
-0.847520 -2.554800
3.079400 0.485490
-3.565100 2.809900
-3.055200 -1.980300
-1.231500 0.876630
0.164950 -1.530900
-5.195400 -1.631100
-0.322430 -0.942370
0.469630 -2.126300
-2.378200 4.894600
-2.329300 0.695230
0.770920 0.643350
-0.954030 -1.388100
1.558000 1.017200
2.368000 0.856590
-1.382400 -0.655580
-0.510320 2.559500
-3.160600 0.725900
-2.360800 -0.461810
-0.777950 -7.639800
7.207300 -1.664700
1.377000 -3.517900
-5.934500 -3.415000
1.226200 0.232680
-0.289760 1.366900
-3.331000 2.391200
-0.152540 1.049600
-0.392970 2.092400
-3.251100 0.884520
-0.089973 -1.777900
2.382900 0.289650
6.243900 2.738500
-3.445100 2.658600
1.906600 0.027921
1.498700 -1.921700
1.301200 1.744300
1.982300 3.570200
-0.472200 2.814800
2.393700 -4.606100
0.075294 1.536800
-2.490500 0.293970
-3.542600 5.208500
0.291630 -0.540640
-3.049400 0.932260
-1.470200 -5.882500
-0.602020 4.635500
-0.049310 -0.516280
7.166300 -0.083940
-1.991700 1.171500
-2.805500 -2.071100
3.941200 3.433600
1.626200 -2.138600
-1.776800 0.689150
1.934800 0.361990
0.913170 -1.508000
-2.400800 -4.309200
-2.111400 -0.541070
2.384600 3.579600
0.409640 -3.575300
-2.283800 -0.770640
0.538850 -1.198800
0.636810 -0.178990
-0.737010 -1.713400
-4.549000 1.180500
-0.685720 -1.760600
0.911840 -0.916870
0.319580 1.163300
1.589300 -2.182400
-1.970700 1.110600
0.232520 1.403800
1.987100 -4.885100
-0.918740 0.026157
1.801300 2.188400
1.776900 1.752200
